8.334000000000000000e+03
7.587000000000000000e+03
9.530000000000000000e+03
1.030700000000000000e+04
8.306000000000000000e+03
9.233000000000000000e+03
8.523000000000000000e+03
8.461000000000000000e+03
7.792000000000000000e+03
8.113000000000000000e+03
7.485000000000000000e+03
9.747000000000000000e+03
7.758000000000000000e+03
9.571000000000000000e+03
8.823000000000000000e+03
9.334000000000000000e+03
9.256000000000000000e+03
7.972000000000000000e+03
8.339000000000000000e+03
9.628000000000000000e+03
8.548000000000000000e+03
7.292000000000000000e+03
9.124000000000000000e+03
8.484000000000000000e+03
8.968000000000000000e+03
9.362000000000000000e+03
8.652000000000000000e+03
8.798000000000000000e+03
9.729000000000000000e+03
9.421000000000000000e+03
8.752000000000000000e+03
9.667000000000000000e+03
8.316000000000000000e+03
9.489000000000000000e+03
1.005400000000000000e+04
8.219000000000000000e+03
8.972000000000000000e+03
9.208000000000000000e+03
9.522000000000000000e+03
8.100000000000000000e+03
8.388000000000000000e+03
7.926000000000000000e+03
9.137000000000000000e+03
8.784000000000000000e+03
8.724000000000000000e+03
9.139000000000000000e+03
9.350000000000000000e+03
9.442000000000000000e+03
9.111000000000000000e+03
9.054000000000000000e+03
9.065000000000000000e+03
9.344000000000000000e+03
8.252000000000000000e+03
8.552000000000000000e+03
8.876000000000000000e+03
9.036000000000000000e+03
8.797000000000000000e+03
8.995000000000000000e+03
7.748000000000000000e+03
7.858000000000000000e+03
9.678000000000000000e+03
9.772000000000000000e+03
7.422000000000000000e+03
9.719000000000000000e+03
8.950000000000000000e+03
9.387000000000000000e+03
8.559000000000000000e+03
8.266000000000000000e+03
9.072000000000000000e+03
8.705000000000000000e+03
8.600000000000000000e+03
9.024000000000000000e+03
8.719000000000000000e+03
8.147000000000000000e+03
8.682000000000000000e+03
9.405000000000000000e+03
8.987000000000000000e+03
9.458000000000000000e+03
8.363000000000000000e+03
8.385000000000000000e+03
9.596000000000000000e+03
9.053000000000000000e+03
9.439000000000000000e+03
8.144000000000000000e+03
7.505000000000000000e+03
7.826000000000000000e+03
9.655000000000000000e+03
9.272000000000000000e+03
8.312000000000000000e+03
9.548000000000000000e+03
9.210000000000000000e+03
9.123000000000000000e+03
1.064800000000000000e+04
9.412000000000000000e+03
8.520000000000000000e+03
9.723000000000000000e+03
8.237000000000000000e+03
9.066000000000000000e+03
7.865000000000000000e+03
1.046700000000000000e+04
