6.646535084425308924e+03 5.442220103782290607e+03 5.126136724515226462e+01
6.647113992998884896e+03 6.271527824793040054e+03 5.879656021276345967e+01
6.647692903220453445e+03 6.396330138872090174e+03 5.984845701379583716e+01
6.648271815078433065e+03 5.164523354107384876e+03 4.847711854233359219e+01
6.648850728561244068e+03 5.848455945891051670e+03 5.508142712340639946e+01
6.649429643657306769e+03 6.365511589874333367e+03 5.959042924777779859e+01
6.650008560355043301e+03 5.764124733617110905e+03 5.431051833371864035e+01
6.650587478642874885e+03 5.871842050510676927e+03 5.529330627273753151e+01
6.651166398509223654e+03 5.189674115900781544e+03 4.873583675244387337e+01
6.651745319942509013e+03 4.857300644981072764e+03 4.519743701849863982e+01
6.652324242931157642e+03 5.055833598311488458e+03 4.734280585655614715e+01
6.652903167463591672e+03 5.159243941823098794e+03 4.842263530502214763e+01
6.653482093528234145e+03 6.240817348625925661e+03 5.853481884046454553e+01
6.654061021113509014e+03 5.449215105120663793e+03 5.132955068165649237e+01
6.654639950207841139e+03 5.725062063803979981e+03 5.394969630928480342e+01
6.655218880799656290e+03 5.130752134385956197e+03 4.812753684166720802e+01
6.655797812877377510e+03 5.978054705974420358e+03 5.624555426017685278e+01
6.656376746429433297e+03 5.943101200176211023e+03 5.593396882249898994e+01
6.656955681444249421e+03 6.538738559990293652e+03 6.102660262582516992e+01
6.657534617910253473e+03 5.502396493973330507e+03 5.184500132156819774e+01
6.658113555815872132e+03 5.230086581570310955e+03 4.914869529937075754e+01
6.658692495149533897e+03 5.878880113462040754e+03 5.535691268055073522e+01
6.659271435899667267e+03 5.160552953352338591e+03 4.843614994415241881e+01
6.659850378054701650e+03 6.361394899966297089e+03 5.955587769503841855e+01
6.660429321603065546e+03 5.703367288722629382e+03 5.374825538361880461e+01
6.661008266533192000e+03 5.579242464298375126e+03 5.258089132335484805e+01
6.661587212833508602e+03 5.232844984553223185e+03 4.917674910578475078e+01
6.662166160492450217e+03 5.295450080483520651e+03 4.980921349051396874e+01
6.662745109498446254e+03 5.875009999819472796e+03 5.532194562630233037e+01
6.663324059839928850e+03 5.591648046624701237e+03 5.269872593037501218e+01
6.663903011505333779e+03 4.892199877190642837e+03 4.558187737742623113e+01
6.664481964483093179e+03 6.518436921404178065e+03 6.086004099131265122e+01
6.665060918761641915e+03 5.165389799736529312e+03 4.848605436408089275e+01
6.665639874329416671e+03 5.594512005644963210e+03 5.272589187206833827e+01
6.666218831174849583e+03 5.623139128665698081e+03 5.299666778888816765e+01
6.666797789286380066e+03 5.738061678782407398e+03 5.407004112114661609e+01
6.667376748652444803e+03 5.695492231215274842e+03 5.367494666299495520e+01
6.667955709261480479e+03 5.486671782449616330e+03 5.169312769130626606e+01
6.668534671101926506e+03 6.156815737483235353e+03 5.781283080375249739e+01
6.669113634162221388e+03 4.756552856041655104e+03 4.406881577829989283e+01
6.669692598430805447e+03 6.023196283825354840e+03 5.664542304445640042e+01
6.670271563896118096e+03 5.076225414949069091e+03 4.755768164039482571e+01
6.670850530546602386e+03 5.682684870681611756e+03 5.355550894858240696e+01
6.671429498370698639e+03 5.120042868062413618e+03 4.801614870147846403e+01
6.672008467356849906e+03 5.618238378174379250e+03 5.295041119986186828e+01
6.672587437493500147e+03 5.658006180861233588e+03 5.332460828661859153e+01
6.673166408769093323e+03 5.849830060497346494e+03 5.509389919544109659e+01
6.673745381172074303e+03 5.136164548653454403e+03 4.818373394324616754e+01
6.674324354690887048e+03 5.623608596457117528e+03 5.300109682371861908e+01
6.674903329313980976e+03 4.805573016816462768e+03 4.462152714639584872e+01
6.675482305029801864e+03 5.697711728843236415e+03 5.369561804191580734e+01
6.676061281826798222e+03 5.654412579863472274e+03 5.329090211211994443e+01
6.676640259693416738e+03 4.842732606116549505e+03 4.503598865548116237e+01
6.677219238618109557e+03 5.592718203349282703e+03 5.270887848749354987e+01
6.677798218589327007e+03 5.043655401230760617e+03 4.721401348424892319e+01
6.678377199595519414e+03 5.599438036284623195e+03 5.277258477983338025e+01
6.678956181625138015e+03 6.325663228614511354e+03 5.925513392672899471e+01
6.679535164666638593e+03 6.021459279730399430e+03 5.663008871430873370e+01
6.680114148708472385e+03 6.121355473103405529e+03 5.750533141512605795e+01
6.680693133739095174e+03 5.993717599988230177e+03 5.638461907336350976e+01
6.681272119746960925e+03 6.038975390512194281e+03 5.678453186011373788e+01
6.681851106720528151e+03 5.462681417688419970e+03 5.146055854485548053e+01
6.682430094648253544e+03 5.832318754781781536e+03 5.493474695347070735e+01
6.683009083518594707e+03 4.709053410763006468e+03 4.352655601840196198e+01
6.683588073320011972e+03 5.321213433565306332e+03 5.006716590366768571e+01
6.684167064040963851e+03 5.623730009423384217e+03 5.300224219298144135e+01
6.684746055669910675e+03 5.418946120028113000e+03 5.103384943435280263e+01
6.685325048195316413e+03 6.548001753315802489e+03 6.110245020762981483e+01
6.685904041605643215e+03 5.211150248688849388e+03 4.895567297820476682e+01
6.686483035889354142e+03 6.106863012493598035e+03 5.737918333815562733e+01
6.687062031034914980e+03 6.333993830486035222e+03 5.932538662786878803e+01
6.687641027030790610e+03 5.508506079920171032e+03 5.190388952651091614e+01
6.688220023865447729e+03 5.954806049370687106e+03 5.603850209838558527e+01
6.688799021527353034e+03 5.796216195361306745e+03 5.460516334030496921e+01
6.689378020004975951e+03 5.376693350431412000e+03 5.061818861329877706e+01
6.689957019286787727e+03 6.306912109643732038e+03 5.909669853472198042e+01
6.690536019361256876e+03 5.787993045163937495e+03 5.452981490179492141e+01
6.691115020216856465e+03 5.339976614653161050e+03 5.025419666767383120e+01
6.691694021842055918e+03 5.660327829957628637e+03 5.334637286655679134e+01
6.692273024225333756e+03 5.447724380495876176e+03 5.131502751198672740e+01
6.692852027355161226e+03 5.351122593630054325e+03 5.036497058164665219e+01
6.693431031220015939e+03 6.320992645640367300e+03 5.921571002445588761e+01
6.694010035808374596e+03 5.561264287345736193e+03 5.240965517350609559e+01
6.694589041108712081e+03 5.483941024714215018e+03 5.166670777951981819e+01
6.695168047109512372e+03 5.762878192133394805e+03 5.429904106145404796e+01
6.695747053799251262e+03 6.053346856990587185e+03 5.691093502175715457e+01
6.696326061166413638e+03 5.629172282119999181e+03 5.305355737535492722e+01
6.696905069199479840e+03 5.173009558748704876e+03 4.856456760652546478e+01
6.697484077886932027e+03 5.405269226939640248e+03 5.089967480249474363e+01
6.698063087217256907e+03 7.242999581381924145e+03 6.654703035780035236e+01
6.698642097178938457e+03 6.627029196109660916e+03 6.174574369274159835e+01
6.699221107760464292e+03 6.536141388432668464e+03 6.100531990320800446e+01
6.699800118950323849e+03 5.628984663879843538e+03 5.305178914928243472e+01
6.700379130737002924e+03 6.520586199961157035e+03 6.087769598154348216e+01
6.700958143108995500e+03 6.037488586601239149e+03 5.677143872284123205e+01
6.701537156054789193e+03 5.737196463870625848e+03 5.406203965751480922e+01
6.702116169562878895e+03 6.009841522067647020e+03 5.652741980780412234e+01
6.702695183621759497e+03 4.884150303167733000e+03 4.549349372413390569e+01
6.703274198219922255e+03 5.342212664412504637e+03 5.027643913875149195e+01
6.703853213345867516e+03 4.782127416167929368e+03 4.435803291657563108e+01
6.704432228988091083e+03 5.453539035563793732e+03 5.137165272427851193e+01
6.705011245135091485e+03 7.100981952773365265e+03 6.547128852278260069e+01
6.705590261775368162e+03 5.802845444693781246e+03 5.466583130945562630e+01
6.706169278897421464e+03 5.433062260661762593e+03 5.117196428437978994e+01
6.706748296489757195e+03 5.747351907058496181e+03 5.415588218391954456e+01
6.707327314540876614e+03 4.510345042960227147e+03 4.118073227882555898e+01
6.707906333039284618e+03 6.092740948627728358e+03 5.725599197191335321e+01
6.708485351973487013e+03 5.109886031846212063e+03 4.791026716588303458e+01
6.709064371331993243e+03 4.392054206194554354e+03 3.971853313321921775e+01
6.709643391103310023e+03 5.181993713668651253e+03 4.865697670148372111e+01
6.710222411275947707e+03 5.689737977295037126e+03 5.362131707963835225e+01
6.710801431838420285e+03 5.026540866103909138e+03 4.703242003303665797e+01
6.711380452779237203e+03 6.514539394136370902e+03 6.082801215062389844e+01
6.711959474086914270e+03 7.081707457799862823e+03 6.532392460546090263e+01
6.712538495749966387e+03 8.977152363073199012e+03 7.850261161982624003e+01
6.713117517756910274e+03 1.187865678592066433e+04 9.520590556252665237e+01
6.713696540096264471e+03 1.607015053070207614e+04 1.151332193537649431e+02
6.714275562756547515e+03 1.748776750125099352e+04 1.211332950485169988e+02
6.714854585726281584e+03 1.670161242804651192e+04 1.178436256065918428e+02
6.715433608993988855e+03 1.475329781911104328e+04 1.092648410385111930e+02
6.716012632548190595e+03 9.979829108917534541e+03 8.464831231027358172e+01
6.716591656377415347e+03 7.146824579421261660e+03 6.582045462833980309e+01
6.717170680470187108e+03 6.425113055153611640e+03 6.008844084525484419e+01
6.717749704815034420e+03 4.835390865571868744e+03 4.495440505258574859e+01
6.718328729400486736e+03 6.199639532490513375e+03 5.818201784529814091e+01
6.718907754215074419e+03 5.947877932560266345e+03 5.597665228128906278e+01
6.719486779247331469e+03 5.438868382853922412e+03 5.122866434833139948e+01
6.720065804485787339e+03 5.758802366144396728e+03 5.426149679288690209e+01
6.720644829918980577e+03 5.600482993668725612e+03 5.278248442171705790e+01
6.721223855535447001e+03 6.217909364673923847e+03 5.833881240421338532e+01
6.721802881323725160e+03 5.559398014533360765e+03 5.239184748215545540e+01
6.722381907272353601e+03 5.455738257630902808e+03 5.139305328243284521e+01
6.722960933369873601e+03 5.090272330987771056e+03 4.770513598186100523e+01
6.723539959604827345e+03 5.387775029240259755e+03 5.072753391699953340e+01
6.724118985965759748e+03 5.422526957747591950e+03 5.106892035091079407e+01
6.724698012441215724e+03 4.840027772768962677e+03 4.500594894932270051e+01
6.725277039019742006e+03 5.542380801379381410e+03 5.222919173641747648e+01
6.725856065689887146e+03 5.590358396701230049e+03 5.268648844591285041e+01
6.726435092440203334e+03 6.283716032613499920e+03 5.890011630441469492e+01
6.727014119259240942e+03 5.448591744302535517e+03 5.132347817873038309e+01
6.727593146135553070e+03 5.758991519827099182e+03 5.426323974743101530e+01
6.728172173057695545e+03 5.070247757307666689e+03 4.749479366591399554e+01
6.728751200014222377e+03 5.478113203334142781e+03 5.161027873780785313e+01
6.729330226993693941e+03 5.595905689586221342e+03 5.273910653060307396e+01
6.729909253984668794e+03 5.349584601763159299e+03 5.034969979873999080e+01
6.730488280975710040e+03 6.624168322675292075e+03 6.172257278123920088e+01
6.731067307955378055e+03 5.399634403914516952e+03 5.084429242279407646e+01
6.731646334912239581e+03 5.556180380082229021e+03 5.236113108157908158e+01
6.732225361834858631e+03 4.977964678788401216e+03 4.651314165747654528e+01
6.732804388711804677e+03 5.879707109180815678e+03 5.536438184646238625e+01
6.733383415531647188e+03 6.908382303855407372e+03 6.398351328205951205e+01
6.733962442282954726e+03 8.516333555675702883e+03 7.551053717022399780e+01
6.734541468954304037e+03 1.072909769817294182e+04 8.896406783771197979e+01
6.735120495534266411e+03 1.045888617666011851e+04 8.743222429242091209e+01
6.735699522011419504e+03 1.109914129950797906e+04 9.102004706419381819e+01
6.736278548374340971e+03 1.014879090467803690e+04 8.564051945626039242e+01
6.736857574611610289e+03 8.368355727871688941e+03 7.452424703364515324e+01
6.737436600711808751e+03 7.389270180907404210e+03 6.763710408472174151e+01
6.738015626663518560e+03 6.487124792702154082e+03 6.060224798439602978e+01
6.738594652455324649e+03 5.642553191929637251e+03 5.317951541702608154e+01
6.739173678075816497e+03 5.963921357751603864e+03 5.611977392872927339e+01
6.739752703513577217e+03 6.955553284551888282e+03 6.435107576887868674e+01
6.740331728757200835e+03 6.095739889947546544e+03 5.728217487148707221e+01
6.740910753795276833e+03 5.752707905570365256e+03 5.420530945977933612e+01
6.741489778616399235e+03 7.090974350367645457e+03 6.539481644922419434e+01
6.742068803209164798e+03 5.537584308236650031e+03 5.218325379177431245e+01
6.742647827562169368e+03 5.459095916014438444e+03 5.142570936870503573e+01
6.743226851664011519e+03 5.786507598691341627e+03 5.451619270227351421e+01
6.743805875503293464e+03 5.504138546819426665e+03 5.186179918667983202e+01
6.744384899068615596e+03 4.644225243499064163e+03 4.277537739820821372e+01
6.744963922348582855e+03 5.103125223496695980e+03 4.783965814632014002e+01
6.745542945331802912e+03 6.256847650162028003e+03 5.867158867988923276e+01
6.746121968006883435e+03 5.935963138532226367e+03 5.587012445477730438e+01
6.746700990362433004e+03 4.892138290124827108e+03 4.558120180715846459e+01
6.747280012387062925e+03 5.768687307369918926e+03 5.435250661588660392e+01
6.747859034069389054e+03 5.732538132916502946e+03 5.401893928037259229e+01
6.748438055398025426e+03 5.618166358635735378e+03 5.294973112958945194e+01
6.749017076361590625e+03 5.315911640637790697e+03 5.001419107311312473e+01
6.749596096948701415e+03 5.484610321117163039e+03 5.167318443039136611e+01
6.750175117147983656e+03 5.384639071505172069e+03 5.069661467559002688e+01
6.750754136948055930e+03 6.402257259499670909e+03 5.989795428526544185e+01
6.751333156337545006e+03 5.152230907984210717e+03 4.835016624629422211e+01
6.751912175305077653e+03 6.721498133820824478e+03 6.250604612260243442e+01
6.752491193839282460e+03 5.194916650362507426e+03 4.878959231662615537e+01
6.753070211928790741e+03 4.910322386132613246e+03 4.578023650214895923e+01
6.753649229562237451e+03 5.164831275227001242e+03 4.848029438119244361e+01
6.754228246728252998e+03 6.321689718419895144e+03 5.922159560903415354e+01
6.754807263415476882e+03 5.896979625083536121e+03 5.552015213545091399e+01
6.755386279612548606e+03 5.284077931024970894e+03 4.969492528503337780e+01
6.755965295308105851e+03 5.932110297973393244e+03 5.583563347928875942e+01
6.756544310490794487e+03 5.993479226277142516e+03 5.638250521515713132e+01
6.757123325149257653e+03 6.188321691232024023e+03 5.808467404825564273e+01
6.757702339272141216e+03 6.542890891570850727e+03 6.106061381636225605e+01
6.758281352848097413e+03 4.029909949046174916e+03 3.486284006081909581e+01
6.758860365865773019e+03 4.123932749730704018e+03 3.618619098206914941e+01
6.759439378313823909e+03 6.438161537278696414e+03 6.019692023134384584e+01
6.760018390180903225e+03 5.487798695596437028e+03 5.170402657101780619e+01
6.760597401455669569e+03 6.203990155233568657e+03 5.821939387604139426e+01
6.761176412126781543e+03 5.335590350009955728e+03 5.021053692274196578e+01
6.761755422182899565e+03 4.781130453570971440e+03 4.434679381455946157e+01
6.762334431612686785e+03 4.097239463500341117e+03 3.581545939340188767e+01
6.762913440404809080e+03 4.648199166279197925e+03 4.282180325884555572e+01
6.763492448547934146e+03 4.541650062594722840e+03 4.155908722114576648e+01
6.764071456030731497e+03 4.258102458089980246e+03 3.799486973461099382e+01
6.764650462841870649e+03 5.322149668979514900e+03 5.007651482521115582e+01
6.765229468970029302e+03 4.322923959834987727e+03 3.883853277217183830e+01
6.765808474403880609e+03 5.165897243209178669e+03 4.849128696239414893e+01
6.766387479132104090e+03 5.682181165828390476e+03 5.355080609933401092e+01
6.766966483143380174e+03 5.200958484758206396e+03 4.885147032401670231e+01
6.767545486426389289e+03 4.854826026098882721e+03 4.517005306792279384e+01
6.768124488969818231e+03 5.546574895830729474e+03 5.226932718039144277e+01
6.768703490762353795e+03 5.149711537850427703e+03 4.832410584698392597e+01
6.769282491792682777e+03 5.926432437104184828e+03 5.578476588786819690e+01
6.769861492049498338e+03 5.393700941284282635e+03 5.078590955515477390e+01
6.770440491521493641e+03 5.581156240485948729e+03 5.259908657520610120e+01
6.771019490197364576e+03 5.975557084899269285e+03 5.622334704514973680e+01
6.771598488065807942e+03 5.671041036481339688e+03 5.344669030483943573e+01
6.772177485115524178e+03 6.250257747611038212e+03 5.861540254635394831e+01
6.772756481335216449e+03 5.598515268494245902e+03 5.276384118460600092e+01
6.773335476713588832e+03 5.735267226588963240e+03 5.404419390322185279e+01
6.773914471239348131e+03 5.987339726860866904e+03 5.632803382793460401e+01
6.774493464901202969e+03 5.718433733242189192e+03 5.388823063807409142e+01
6.775072457687865608e+03 6.489673658872272426e+03 6.062327380579467473e+01
6.775651449588050127e+03 5.624797353246917737e+03 5.301231009215685930e+01
6.776230440590471517e+03 5.252074087447781494e+03 4.937187210859903530e+01
6.776809430683848404e+03 6.034041823793218100e+03 5.674107411614003382e+01
6.777388419856902146e+03 6.555757576517740745e+03 6.116588301151074347e+01
6.777967408098355008e+03 5.983677290920228188e+03 5.629551455471658272e+01
6.778546395396931985e+03 4.472240825683265939e+03 4.071545767571996777e+01
6.779125381741361707e+03 6.057988284367015694e+03 5.695169841564950275e+01
6.779704367120371899e+03 5.496502560785890637e+03 5.178812826165827943e+01
6.780283351522698467e+03 5.669578975748692756e+03 5.343301080613716181e+01
6.780862334937073683e+03 5.251144316530513606e+03 4.936245521234323519e+01
6.781441317352235274e+03 5.507122533136503989e+03 5.189055984662896748e+01
6.782020298756922784e+03 5.003919549316287885e+03 4.679131561920829796e+01
6.782599279139877581e+03 5.330713789733510566e+03 5.016195229248547349e+01
6.783178258489845575e+03 5.183375880648763086e+03 4.867117780276989691e+01
6.783757236795570861e+03 4.949838600033533112e+03 4.620980705536013744e+01
6.784336214045804809e+03 4.847500119425209050e+03 4.508888762749960222e+01
6.784915190229296968e+03 6.647571370399608895e+03 6.191186508626344676e+01
6.785494165334804165e+03 5.441770299719933973e+03 5.125697969818367028e+01
6.786073139351080499e+03 5.680072746967418425e+03 5.353111632525046559e+01
6.786652112266885524e+03 5.132531743945583003e+03 4.814602176717886550e+01
6.787231084070979705e+03 4.618514574047205315e+03 4.247378299736536889e+01
6.787810054752129872e+03 6.069304069131482720e+03 5.705095737313757809e+01
6.788389024299098310e+03 5.253233131818722541e+03 4.938360861539789681e+01
6.788967992700656396e+03 5.751506839605239293e+03 5.419422946832363408e+01
6.789546959945573690e+03 5.154624406238204756e+03 4.837491162057335004e+01
6.790125926022627027e+03 6.184518177682806709e+03 5.805192370406759750e+01
6.790704890920588696e+03 6.542736613550279799e+03 6.105935048467481607e+01
6.791283854628240988e+03 5.511833520797606980e+03 5.193593350328541902e+01
6.791862817134363468e+03 5.838682498955483425e+03 5.499263738915930588e+01
6.792441778427740246e+03 6.260407485645636370e+03 5.870191780262135950e+01
6.793020738497159073e+03 5.922104379696725118e+03 5.574595992318011639e+01
6.793599697331406787e+03 5.208378259308004999e+03 4.892735357004384866e+01
