2000.148438  5.47349987556e-09
2001.522095  5.54830004162e-09
2002.895874  5.63359980887e-09
2004.269531  5.56600010526e-09
2005.643188  5.55569990013e-09
2007.016968  5.54409984588e-09
2008.390625  5.4737001598e-09
2009.764404  5.56969981247e-09
2011.138062  5.38289990359e-09
2012.511841  5.29660004744e-09
2013.88562  5.3694000357e-09
2015.259277  5.42590017361e-09
2016.633057  5.4293001206e-09
2018.006836  5.42579980944e-09
2019.380615  5.41839995094e-09
2020.754395  5.40940003901e-09
2022.128174  5.39000000188e-09
2023.501953  5.4595998833e-09
2024.875732  5.46509992816e-09
2026.249512  5.35519983913e-09
2027.623413  5.41359979067e-09
2028.997192  5.49030021446e-09
2030.370972  5.53720003182e-09
2031.744873  5.52509993312e-09
2033.118652  5.37859978778e-09
2034.492554  5.3721000981e-09
2035.866333  5.37669997414e-09
2037.240234  5.3415001311e-09
2038.614136  5.34679989173e-09
2039.988037  5.35530020329e-09
2041.361816  5.28339993977e-09
2042.735718  5.3996997984e-09
2044.109619  5.47810019569e-09
2045.483521  5.55789991807e-09
2046.857422  5.6022000372e-09
2048.231445  5.56540014074e-09
2049.605225  5.54820012155e-09
2050.979248  5.54220003224e-09
2052.353027  5.51969980833e-09
2053.727051  5.45660006068e-09
2055.101074  5.29889998546e-09
2056.474854  5.23860022028e-09
2057.848877  5.30409982602e-09
2059.2229  5.32490007643e-09
2060.596924  5.3943001177e-09
2061.970703  5.29119992265e-09
2063.344727  5.20129983528e-09
2064.71875  5.2409001583e-09
2066.092773  5.19559995027e-09
2067.466797  5.18389997595e-09
2068.84082  5.2604001155e-09
2070.214844  5.32059996061e-09
2071.588867  5.32839994349e-09
2072.962891  5.29459986964e-09
2074.336914  5.3149000756e-09
2075.710938  5.39009992195e-09
2077.084961  5.44870015773e-09
2078.458984  5.45569989185e-09
2079.833008  5.39830002921e-09
2081.207031  5.38229993907e-09
2082.581055  5.43579981027e-09
2083.955078  5.43550005005e-09
2085.329346  5.39399991339e-09
2086.703369  5.4283000317e-09
2088.077393  5.42050004881e-09
2089.451416  5.4027000651e-09
2090.825684  5.35839994598e-09
2092.199707  5.37870015194e-09
2093.57373  5.33909982892e-09
2094.947754  5.25229992832e-09
2096.322021  5.2742001877e-09
2097.696045  5.24519983003e-09
2099.070312  5.27999999278e-09
2100.444336  5.32270005849e-09
2101.818604  5.25820009756e-09
2103.192627  5.26889998298e-09
2104.566895  5.27059995648e-09
2105.940918  5.36289990194e-09
2107.315186  5.30770005724e-09
2108.689209  5.12330000646e-09
2110.063477  5.05619990321e-09
2111.4375  5.06310016135e-09
2112.811768  5.07239983349e-09
2114.186035  5.07219999335e-09
2115.560059  5.22370013911e-09
2116.934326  5.33169997041e-09
2118.308594  5.30760013717e-09
2119.682617  5.28079979745e-09
2121.056885  5.2812998419e-09
2122.431152  5.26380006249e-09
2123.80542  5.21349985405e-09
2125.179443  5.14700015941e-09
2126.553711  5.06629982411e-09
2127.927979  5.06310016135e-09
2129.302246  4.98619989742e-09
2130.676514  4.86169993152e-09
2132.050537  4.71770000843e-09
2133.424805  4.57559989897e-09
2134.799072  4.41509984128e-09
2136.17334  4.50659998208e-09
2137.547607  4.78789985436e-09
2138.921875  4.86129980715e-09
2140.296143  4.86590012727e-09
2141.67041  4.96920016246e-09
2143.044678  5.06770003739e-09
2144.418945  5.09579978214e-09
2145.793213  5.11899989064e-09
2147.16748  5.03799979512e-09
2148.541748  5.02870012298e-09
2149.916016  5.02980013195e-09
2151.290527  4.95040008985e-09
2152.664795  4.97509988762e-09
2154.039062  5.08899988816e-09
2155.41333  5.13109998934e-09
2156.787598  5.13970022098e-09
2158.161865  5.10160003131e-09
2159.536377  4.94169993814e-09
2160.910645  4.916600016e-09
2162.284912  4.88870011139e-09
2163.65918  4.94629981418e-09
2165.033691  4.94499996506e-09
2166.407959  4.86030016233e-09
2167.782227  4.80800022018e-09
2169.156738  4.75370010022e-09
2170.531006  4.74069983269e-09
2171.905273  4.81459982993e-09
2173.279785  4.86360018925e-09
2174.654053  4.75870010064e-09
2176.02832  4.61210003522e-09
2177.402832  4.72739980495e-09
2178.7771  4.83590012479e-09
2180.151611  4.88750018235e-09
2181.525879  4.95430008129e-09
2182.900146  5.03430008791e-09
2184.274658  4.92820007025e-09
2185.648926  4.83480011582e-09
2187.023438  4.78169992491e-09
2188.397705  4.70310013156e-09
2189.772217  4.81270001629e-09
2191.146484  4.91210006004e-09
2192.520996  4.86799978106e-09
2193.895508  4.91370011346e-09
2195.269775  5.03129982121e-09
2196.644287  5.05330000067e-09
2198.018555  5.04069985752e-09
2199.393066  5.01219998839e-09
2200.767334  4.95829999281e-09
2202.141846  4.87899987078e-09
2203.516357  4.97420016288e-09
2204.890625  4.97189978077e-09
2206.265137  4.8284998222e-09
2207.639648  4.67750016497e-09
2209.013916  4.69650007773e-09
2210.388428  4.62760008091e-09
2211.762939  4.52509985038e-09
2213.137207  4.59880000747e-09
2214.511719  4.53329995764e-09
2215.88623  4.5691002093e-09
2217.260742  4.55150006573e-09
2218.63501  4.61880000913e-09
2220.009521  4.65710003894e-09
2221.384033  4.5876000776e-09
2222.758545  4.6393999753e-09
2224.132812  4.53190018845e-09
2225.507324  4.50269999064e-09
2226.881836  4.53829995806e-09
2228.256348  4.50349979531e-09
2229.630859  4.66559990642e-09
2231.005371  4.77870010229e-09
2232.379639  4.72449990241e-09
2233.75415  4.78480011168e-09
2235.128662  4.76889994161e-09
2236.503174  4.78490003175e-09
2237.877686  4.77509987107e-09
2239.252197  4.72559991138e-09
2240.626709  4.70080019355e-09
2242.000977  4.59580018486e-09
2243.375488  4.49310011419e-09
2244.75  4.44710002157e-09
2246.124512  4.4463002169e-09
2247.499023  4.44669989719e-09
2248.873535  4.33740021677e-09
2250.248047  4.27580015838e-09
2251.622559  4.35559988077e-09
2252.99707  4.41509984128e-09
2254.371582  4.28630020366e-09
2255.746094  4.20339985041e-09
2257.120605  4.20740020601e-09
2258.495117  4.36459979269e-09
2259.869629  4.43379999382e-09
2261.244141  4.38240022049e-09
2262.618652  4.51150006242e-09
2263.993164  4.50549997311e-09
2265.367676  4.41999992162e-09
2266.742188  4.40750014263e-09
2268.116699  4.4378998254e-09
2269.491211  4.44659997711e-09
2270.865723  4.58269999726e-09
2272.240234  4.69519978452e-09
2273.614746  4.74219996605e-09
2274.989258  4.72140015972e-09
2276.36377  4.61949989372e-09
2277.738281  4.57289983657e-09
2279.112793  4.60069982111e-09
2280.487305  4.60349980358e-09
2281.861816  4.69310013074e-09
2283.236328  4.72420014219e-09
2284.61084  4.62389992961e-09
2285.985352  4.66279992395e-09
2287.359863  4.60049998097e-09
2288.734375  4.65999994148e-09
2290.108887  4.77590011982e-09
2291.483398  4.76470018995e-09
2292.858154  4.64920013599e-09
2294.232666  4.52279991237e-09
2295.607178  4.51260007139e-09
2296.981689  4.3548000761e-09
2298.356201  4.11480005624e-09
2299.730713  4.20049994787e-09
2301.105225  4.34520019965e-09
2302.479736  4.4432999502e-09
2303.854248  4.39899983107e-09
2305.22876  4.41829994813e-09
2306.603271  4.48449988255e-09
2307.978027  4.47410020143e-09
2309.352539  4.49860015905e-09
2310.727051  4.56289983575e-09
2312.101562  4.35190017356e-09
2313.476074  4.15810008647e-09
2314.850586  4.15729983771e-09
2316.225098  4.26549995325e-09
2317.599609  4.35030012014e-09
2318.974121  4.31650004629e-09
2320.348633  4.28119983908e-09
2321.723389  4.33480007445e-09
2323.0979  4.42779990451e-09
2324.472412  4.43130021566e-09
2325.846924  4.20130019663e-09
2327.221436  4.05460021113e-09
2328.595947  4.15140011256e-09
2329.970459  4.30049995614e-09
2331.344971  4.22669987898e-09
2332.719482  4.1570000775e-09
2334.093994  4.12159995022e-09
2335.468506  4.1660999095e-09
2336.843262  4.25140012084e-09
2338.217773  4.13829992496e-09
2339.592285  4.15420009503e-09
2340.966797  4.14499989887e-09
2342.341309  4.09540001911e-09
2343.71582  3.9322998191e-09
2345.090332  3.70849995157e-09
2346.464844  3.8808001257e-09
2347.839355  4.0241001642e-09
2349.213867  4.02750011119e-09
2350.588379  4.24099999563e-09
2351.962891  4.24320001358e-09
2353.337402  4.24820001399e-09
2354.712158  4.14279988092e-09
2356.08667  4.08379996486e-09
2357.461182  4.18159995519e-09
2358.835693  4.17430001676e-09
2360.210205  3.91570020852e-09
2361.584717  3.88269993934e-09
2362.959229  4.0338998808e-09
2364.33374  4.02289979107e-09
2365.708252  3.98530008994e-09
2367.082764  4.0258001377e-09
2368.457275  4.07130018587e-09
2369.831787  4.09109990329e-09
2371.206299  4.06789979479e-09
2372.580811  4.16130019332e-09
2373.955322  4.07049993711e-09
2375.329834  4.01109989667e-09
2376.704346  4.07879996445e-09
2378.078857  4.14190015618e-09
2379.453369  3.92030008456e-09
2380.827881  3.78980002935e-09
2382.202393  3.53890006188e-09
2383.576904  3.35879990487e-09
2384.951416  3.70939989836e-09
2386.325928  3.98370003651e-09
2387.700195  3.96319999041e-09
2389.074707  3.73700004275e-09
2390.449219  3.79850018106e-09
2391.82373  4.02059985305e-09
2393.198242  4.12449985276e-09
2394.572754  4.03819999661e-09
2395.947266  3.72489994405e-09
2397.321777  3.79350018065e-09
2398.696289  3.95530008745e-09
2400.070801  3.86240017747e-09
2401.445068  3.90850019016e-09
2402.81958  3.98059984974e-09
2404.194092  3.89839982518e-09
2405.568604  3.70819996931e-09
2406.943115  3.70700004027e-09
2408.317627  3.78750009133e-09
2409.691895  3.85460019459e-09
2411.066406  3.73300013123e-09
2412.440918  3.77650000161e-09
2413.81543  3.91910015551e-09
2415.189941  3.95870003445e-09
2416.564209  3.98319999206e-09
2417.938721  3.9194998358e-09
2419.313232  4.01190014543e-09
2420.687744  4.17569978595e-09
2422.062012  4.25740021015e-09
2423.436523  4.14769996127e-09
2424.811035  3.92640009395e-09
2426.185547  3.93030008539e-09
2427.559814  4.01080013646e-09
2428.934326  3.89449983373e-09
2430.308838  3.81190012888e-09
2431.683105  3.94920007807e-09
2433.057617  3.94449983787e-09
2434.431885  3.78599995798e-09
2435.806396  3.75790021323e-09
2437.180908  3.80760001306e-09
2438.555176  3.82499987239e-09
2439.929688  3.99860011768e-09
2441.303955  4.10650002891e-09
2442.678467  4.21669987816e-09
2444.052979  4.20789980637e-09
2445.427246  4.01609989709e-09
2446.801758  3.82850018354e-09
2448.176025  3.84819998089e-09
2449.550537  3.9602001678e-09
2450.924805  3.89169985127e-09
2452.299316  3.94049992636e-09
2453.673584  4.02860012017e-09
2455.048096  3.96310007034e-09
2456.422363  4.03549993422e-09
2457.796631  4.05119982005e-09
2459.171143  4.0331999962e-09
2460.54541  3.97209998226e-09
2461.919922  3.94140009519e-09
2463.294189  3.85669984837e-09
2464.668457  3.84159992706e-09
2466.042969  3.8357002019e-09
2467.417236  3.8364000865e-09
2468.791504  3.87960019665e-09
2470.166016  3.86810006248e-09
2471.540283  3.83769993562e-09
2472.914551  3.83499987322e-09
2474.289062  3.82180020964e-09
2475.66333  3.92829990759e-09
2477.037598  3.90700005681e-09
2478.411865  3.834700113e-09
2479.786133  3.80399978184e-09
2481.160645  3.88049992139e-09
2482.534912  3.89200005557e-09
2483.90918  3.79590003874e-09
2485.283447  3.82229981e-09
2486.657715  3.96680022163e-09
2488.031982  4.04370004148e-09
2489.40625  4.00700006509e-09
2490.780518  3.8000997904e-09
2492.154785  3.69299990588e-09
2493.529053  3.8125000934e-09
2494.903564  3.91609988881e-09
2496.277832  4.12080014556e-09
2497.6521  4.10659994898e-09
2499.026123  3.99159993947e-09
2500.400391  4.03159994278e-09
2501.774658  4.1115999494e-09
2503.148926  4.03829991669e-09
2504.523193  3.95870003445e-09
2505.897461  3.96159993699e-09
2507.271729  3.87180021377e-09
2508.645996  3.90599996791e-09
2510.020264  4.01329991462e-09
2511.394287  3.94180021956e-09
2512.768555  3.84399978515e-09
2514.142822  3.92070020894e-09
2515.51709  3.90870003031e-09
2516.891113  3.90119980764e-09
2518.265381  3.86879994707e-09
2519.639648  3.83999987363e-09
2521.013916  3.75889985804e-09
2522.387939  3.76460018714e-09
2523.762207  3.74109987433e-09
2525.13623  3.67700003778e-09
2526.510498  3.46399997575e-09
2527.884766  3.41349992716e-09
2529.258789  3.47860007466e-09
2530.633057  3.45569994842e-09
2532.00708  3.71590003212e-09
2533.381348  3.90109988757e-09
2534.755371  3.77130016105e-09
2536.129639  3.61739993515e-09
2537.503662  3.53899998196e-09
2538.877686  3.39800010352e-09
2540.251953  3.36590000316e-09
2541.625977  3.57780005622e-09
2543.000244  3.58200002992e-09
2544.374268  3.62239993557e-09
2545.748291  3.65379992928e-09
2547.122559  3.58170004766e-09
2548.496582  3.58610008355e-09
2549.870605  3.33580008061e-09
2551.244629  3.39030004071e-09
2552.618652  3.76999986784e-09
2553.99292  4.00219990482e-09
2555.366943  4.0099998877e-09
2556.740967  3.93839982848e-09
2558.11499  3.89379994914e-09
2559.489014  3.88590004619e-09
2560.863037  3.79690012764e-09
2562.237061  3.83760001554e-09
2563.611084  3.68560004738e-09
2564.985107  3.70640007574e-09
2566.359131  3.94119981095e-09
2567.733154  3.86300014199e-09
2569.107178  3.95530008745e-09
2570.481201  3.99659993988e-09
2571.855225  3.94619981137e-09
2573.229248  3.94669985582e-09
2574.603027  3.93020016531e-09
2575.977051  3.93690013922e-09
2577.351074  3.85839982187e-09
2578.725098  3.85700005268e-09
2580.098877  3.91769994224e-09
2581.4729  3.97619981385e-09
2582.846924  3.91590004867e-09
2584.220703  3.84439990953e-09
2585.594727  3.90999987943e-09
2586.96875  3.73260000686e-09
2588.342529  3.86520015994e-09
2589.716553  3.90929999483e-09
2591.090332  3.91460019955e-09
2592.464355  3.84999987446e-09
2593.838135  3.84130016684e-09
2595.212158  3.85910015055e-09
2596.585938  3.95540000753e-09
2597.959717  3.9416998554e-09
2599.33374  3.54110007983e-09
2600.70752  3.50000006755e-09
2602.081299  3.91619980888e-09
2603.455322  4.03179978292e-09
2604.829102  3.92630017387e-09
2606.202881  3.64799990216e-09
2607.57666  3.49110007569e-09
2608.950684  3.63709995455e-09
2610.324463  3.68280006491e-09
2611.698242  3.60170004932e-09
2613.072021  3.56259999279e-09
2614.445801  3.65310004469e-09
2615.81958  3.78709996696e-09
2617.193359  3.97279986686e-09
2618.567139  3.82829989931e-09
2619.940918  3.79570019859e-09
2621.314697  3.74889985721e-09
2622.688477  3.80970011093e-09
2624.062012  3.86049991974e-09
2625.435791  3.81810005834e-09
2626.80957  3.63580010543e-09
2628.18335  3.78130016188e-09
2629.557129  3.71810005007e-09
2630.930664  3.59480001322e-09
2632.304443  3.41250006031e-09
2633.678223  3.74250008761e-09
2635.051758  4.00789978983e-09
2636.425537  4.06030009614e-09
2637.799072  4.05090005984e-09
2639.172852  3.95190014046e-09
2640.546387  4.02700006674e-09
2641.920166  4.05119982005e-09
2643.293701  4.10040001952e-09
2644.66748  4.15269996168e-09
2646.041016  4.13870004934e-09
2647.414551  4.14049994291e-09
2648.78833  4.15760004202e-09
2650.161865  4.13329992455e-09
2651.5354  4.10090006397e-09
2652.908936  4.06939992814e-09
2654.282715  4.03789979231e-09
2655.65625  4.07389988411e-09
2657.029785  4.08109990246e-09
2658.40332  4.035200174e-09
2659.776855  3.96190014129e-09
2661.150391  4.0093000031e-09
2662.523926  3.92980004094e-09
2663.897461  3.80860010196e-09
2665.270996  3.74229980338e-09
2666.644531  3.77410014352e-09
2668.018066  3.7788998597e-09
2669.391357  3.88740017954e-09
2670.764893  3.88229981496e-09
2672.138428  3.86719989365e-09
2673.511963  3.78580011784e-09
2674.885254  3.92970012086e-09
2676.258789  3.96879995535e-09
2677.632324  3.9221998982e-09
2679.005615  3.8781000633e-09
2680.37915  3.8871998953e-09
2681.752441  3.94570021101e-09
2683.125977  4.01329991462e-09
2684.499268  3.97850019596e-09
2685.872559  3.87590004536e-09
2687.246094  3.86860010693e-09
2688.619385  3.80570019942e-09
2689.992676  3.79609987888e-09
2691.366211  3.81269993355e-09
2692.739502  3.74420006111e-09
2694.112793  3.74080011412e-09
2695.486084  3.88520016159e-09
2696.859375  3.91989996018e-09
2698.232666  3.77960018838e-09
2699.606201  3.69920005738e-09
2700.979492  3.83650000657e-09
2702.352539  3.79209996737e-09
2703.72583  3.83719989117e-09
2705.099121  3.79379994087e-09
2706.472412  3.79549991436e-09
2707.845703  3.75310005296e-09
2709.218994  3.71099995178e-09
2710.592285  3.65370000921e-09
2711.965332  3.66120000983e-09
2713.338623  3.69220010121e-09
2714.711914  3.79850018106e-09
2716.084961  3.79619979896e-09
2717.458252  3.76260000934e-09
2718.831299  3.72329989062e-09
2720.20459  3.70959996054e-09
2721.577637  3.76109987599e-09
2722.950928  3.75980002687e-09
2724.323975  3.73059982905e-09
2725.697021  3.74009978543e-09
2727.070312  3.73729980296e-09
2728.443359  3.65260000024e-09
2729.816406  3.78080011743e-09
2731.189453  3.82939990828e-09
2732.5625  3.8337000241e-09
2733.935547  3.86590004453e-09
2735.308594  3.91449983539e-09
2736.681641  3.85190013219e-09
2738.054688  3.71970010349e-09
2739.427734  3.70239994218e-09
2740.800781  3.61129992577e-09
2742.173828  3.66370001004e-09
2743.546875  3.57080010005e-09
2744.919922  3.58429996794e-09
2746.292725  3.5703000556e-09
2747.665771  3.39239991654e-09
2749.038818  3.41879990984e-09
2750.411621  3.25229998488e-09
2751.784668  3.40280004174e-09
2753.157471  3.57289997588e-09
2754.530518  3.59750007561e-09
2755.90332  3.53989992874e-09
2757.276367  3.49619999618e-09
2758.64917  3.62640006912e-09
2760.021973  3.66280006325e-09
2761.39502  3.64649999085e-09
2762.767822  3.57879992308e-09
2764.140625  3.60379992514e-09
2765.513428  3.67649999333e-09
2766.88623  3.64000007913e-09
2768.259033  3.58849994164e-09
2769.631836  3.55519991224e-09
2771.004639  3.64849994661e-09
2772.377441  3.77209996572e-09
2773.750244  3.81810005834e-09
2775.123047  3.80290021695e-09
2776.49585  3.7455998303e-09
2777.868652  3.68060004696e-09
2779.241211  3.62099994433e-09
2780.614014  3.5772000917e-09
2781.986816  3.60480001405e-09
2783.359375  3.65149999126e-09
2784.732178  3.63830010564e-09
2786.104736  3.68810004758e-09
2787.477539  3.7337999359e-09
2788.850098  3.71689989898e-09
2790.222656  3.67789998457e-09
2791.595459  3.5051999081e-09
2792.968018  3.45399997492e-09
2794.340576  3.20539994547e-09
2795.713135  2.62490007508e-09
2797.085938  2.49619991344e-09
2798.458496  2.92240009969e-09
2799.831055  3.20899995465e-09
2801.203613  3.29660010401e-09
2802.576172  2.9905000698e-09
2803.948486  2.7636000155e-09
2805.321045  3.24619997549e-09
2806.693604  3.57649998506e-09
2808.066162  3.73159991796e-09
2809.438721  3.79219988744e-09
2810.811035  3.7687999388e-09
2812.183594  3.72280006822e-09
2813.555908  3.69379993259e-09
2814.928467  3.75429998201e-09
2816.300781  3.81140008443e-09
2817.67334  3.77509978833e-09
2819.045654  3.78499986908e-09
2820.418213  3.83850018437e-09
2821.790527  3.8468002117e-09
2823.162842  3.76489994736e-09
2824.535156  3.79680020757e-09
2825.907471  3.80200004813e-09
2827.279785  3.76389985846e-09
2828.652344  3.72289998829e-09
2830.024658  3.70080011081e-09
2831.396729  3.66620001024e-09
2832.769043  3.64830010646e-09
2834.141357  3.71010000499e-09
2835.513672  3.68819996766e-09
2836.885986  3.62140006871e-09
2838.258057  3.66470009894e-09
2839.630371  3.62950003385e-09
2841.002686  3.50360007673e-09
2842.374756  3.53500007044e-09
2843.74707  3.56069995711e-09
2845.119141  3.61860008624e-09
2846.491455  3.66959995723e-09
2847.863525  3.63220009625e-09
2849.235596  3.54730000929e-09
2850.607666  3.52280005167e-09
2851.97998  3.50440010344e-09
2853.352051  3.50629991708e-09
2854.724121  3.63849994578e-09
2856.096191  3.56370000176e-09
2857.468262  3.43670003566e-09
2858.840332  3.45099993027e-09
2860.212402  3.56209994834e-09
2861.584473  3.64120000818e-09
2862.956299  3.62890006933e-09
2864.328369  3.64200003489e-09
2865.700439  3.5734999404e-09
2867.072266  3.52950002558e-09
2868.444336  3.50929996173e-09
2869.816162  3.52929996339e-09
2871.188232  3.5439000623e-09
2872.560059  3.5751999139e-09
2873.932129  3.53509999051e-09
2875.303955  3.52849993668e-09
2876.675781  3.48489992419e-09
2878.047607  3.49610007611e-09
2879.419678  3.55539997443e-09
2880.791504  3.55140006292e-09
2882.16333  3.54980000949e-09
2883.535156  3.64399999064e-09
2884.906982  3.63709995455e-09
2886.278809  3.67010000168e-09
2887.650391  3.66000008079e-09
2889.022217  3.59019991514e-09
2890.394043  3.5106000329e-09
2891.765869  3.55390006312e-09
2893.137451  3.52879991894e-09
2894.509277  3.54259999114e-09
2895.880859  3.54750007148e-09
2897.252686  3.55420004539e-09
2898.624268  3.57330010026e-09
2899.99585  3.64379992845e-09
2901.367676  3.73590003377e-09
2902.739258  3.76769992982e-09
2904.11084  3.76020015125e-09
2905.482422  3.78570019777e-09
2906.854004  3.75140007947e-09
2908.225586  3.70340003109e-09
2909.597168  3.67379993094e-09
2910.96875  3.67420005531e-09
2912.340332  3.71140007616e-09
2913.711914  3.7677998499e-09
2915.083252  3.7802001529e-09
2916.454834  3.73939990084e-09
2917.826416  3.73229980255e-09
2919.197754  3.75410014186e-09
2920.569336  3.76059983154e-09
2921.940674  3.69810004841e-09
2923.312012  3.64810004427e-09
2924.683594  3.59200003075e-09
2926.054932  3.62019991762e-09
2927.42627  3.57090002012e-09
2928.797607  3.51700002454e-09
2930.168945  3.56120000156e-09
2931.540283  3.64580010626e-09
2932.911621  3.62360008666e-09
2934.282959  3.56399998402e-09
2935.654297  3.58890006602e-09
2937.025635  3.55349993875e-09
2938.396973  3.58179996773e-09
2939.768066  3.57390006478e-09
2941.139404  3.59069995959e-09
2942.510498  3.6400999992e-09
2943.881836  3.6709000284e-09
2945.25293  3.60189988946e-09
2946.624268  3.62870000714e-09
2947.995361  3.58190010985e-09
2949.366455  3.53899998196e-09
2950.737549  3.57060003786e-09
2952.108887  3.65739993846e-09
2953.47998  3.63140006954e-09
2954.851074  3.5734999404e-09
2956.222168  3.67549990443e-09
2957.593262  3.71579989e-09
2958.964111  3.7226999261e-09
2960.335205  3.68819996766e-09
2961.706299  3.66220009873e-09
2963.077148  3.66599994805e-09
2964.448242  3.63019991845e-09
2965.819336  3.51980000701e-09
2967.190186  3.61039997898e-09
2968.561035  3.65470009811e-09
2969.932129  3.6220999533e-09
2971.302979  3.54299989347e-09
2972.673828  3.57700002951e-09
2974.044678  3.65179997353e-09
2975.415527  3.69260000355e-09
2976.786621  3.65819996517e-09
2978.157227  3.66340002778e-09
2979.528076  3.62569996248e-09
2980.898926  3.59299989761e-09
2982.269775  3.63019991845e-09
2983.640625  3.62299990009e-09
2985.01123  3.54610008024e-09
2986.38208  3.47110007404e-09
2987.752686  3.60610008521e-09
2989.123535  3.65739993846e-09
2990.494141  3.69129993238e-09
2991.86499  3.72329989062e-09
2993.235596  3.71519992548e-09
2994.606201  3.71140007616e-09
2995.976807  3.71110009389e-09
2997.347412  3.71909991692e-09
2998.718018  3.70679997808e-09
3000.088623  3.67280006408e-09
3001.459229  3.63450003427e-09
3002.829834  3.59780005788e-09
3004.200439  3.6015999072e-09
3005.570801  3.67769992238e-09
3006.941406  3.71760000561e-09
3008.311768  3.70590003129e-09
3009.682373  3.70069996869e-09
3011.052734  3.71599995219e-09
3012.42334  3.7153000676e-09
3013.793701  3.72329989062e-09
3015.164062  3.72230002377e-09
3016.534424  3.68840002984e-09
3017.904785  3.64349994619e-09
3019.275146  3.65640007161e-09
3020.645508  3.61970009521e-09
3022.015869  3.5887999239e-09
3023.38623  3.66280006325e-09
3024.756592  3.69269992362e-09
3026.126953  3.6623000188e-09
3027.49707  3.6365999101e-09
3028.867432  3.66879993052e-09
3030.237549  3.65629992949e-09
3031.60791  3.62909990947e-09
3032.978027  3.62170005097e-09
3034.348145  3.61159990803e-09
3035.718262  3.63679997228e-09
3037.088623  3.63989993701e-09
3038.45874  3.62360008666e-09
3039.828857  3.63149998961e-09
3041.198975  3.62319996228e-09
3042.568848  3.59390006643e-09
3043.938965  3.60870000549e-09
3045.309082  3.6306999629e-09
3046.679199  3.62700003365e-09
3048.049072  3.59379992432e-09
3049.419189  3.57209994917e-09
3050.789062  3.57330010026e-09
3052.15918  3.59849994247e-09
3053.529053  3.62299990009e-09
3054.898926  3.63250007851e-09
3056.268799  3.60239993391e-09
3057.638672  3.56470009066e-09
3059.008545  3.53250007024e-09
3060.378418  3.54599993813e-09
3061.748291  3.5904998974e-09
3063.118164  3.5925000752e-09
3064.488037  3.58620000362e-09
3067.246826  3.52659990099e-09
3069.992676  3.52700002537e-09
3072.738525  3.48220008384e-09
3075.484375  3.46560002917e-09
3078.230225  3.49629991625e-09
3080.976318  3.55420004539e-09
3083.722168  3.55849993916e-09
3086.468262  3.52480000743e-09
3089.214111  3.47950002144e-09
3091.960205  3.46690010034e-09
3094.706299  3.47330009198e-09
3097.452148  3.49539996947e-09
3100.198242  3.49000006672e-09
3102.944336  3.46649997596e-09
3105.690674  3.46750006486e-09
3108.436768  3.50750006817e-09
3111.182861  3.50500006796e-09
3113.929199  3.50280005001e-09
3116.675293  3.44700001875e-09
3119.421631  3.41080008681e-09
3122.167725  3.43690009785e-09
3124.914062  3.42709993717e-09
3127.6604  3.43009998183e-09
3130.406738  3.42289996347e-09
3133.153076  3.43840000916e-09
3135.899414  3.45039996574e-09
3138.645752  3.48849993337e-09
3141.39209  3.49269990707e-09
3144.138428  3.47149997637e-09
3146.88501  3.458600073e-09
3149.631348  3.46819994945e-09
3152.37793  3.46480000246e-09
3155.124512  3.44659989437e-09
3157.87085  3.41239991819e-09
3160.617432  3.364599932e-09
3163.364014  3.38929995181e-09
3166.110596  3.41890005195e-09
3168.857178  3.41550010496e-09
3171.60376  3.45019990355e-09
3174.350342  3.43980000039e-09
3177.097168  3.39399996996e-09
3179.84375  3.30830007833e-09
3182.590576  3.33269989383e-09
3185.337158  3.38099992447e-09
3188.083984  3.37289995933e-09
3190.830566  3.3545000111e-09
3193.577393  3.33830008081e-09
3196.324219  3.34610006369e-09
3199.071045  3.39840000585e-09
3201.817871  3.41360006928e-09
3204.564697  3.41560002504e-09
3207.311523  3.3850999781e-09
3210.05835  3.34399996582e-09
3212.80542  3.32000005265e-09
3215.552246  3.32379990198e-09
3218.299316  3.33259997376e-09
3221.046143  3.34869998397e-09
3223.793213  3.34080008102e-09
3226.540039  3.30250005121e-09
3229.287109  3.27369997777e-09
3232.03418  3.2878999523e-09
3234.78125  3.25789994982e-09
3237.52832  3.24509996652e-09
3240.275391  3.28140004058e-09
3243.022461  3.32989991136e-09
3245.769531  3.34550009917e-09
3248.516846  3.31819993704e-09
3251.263916  3.29619997963e-09
3254.01123  3.29089999695e-09
3256.758301  3.31720007019e-09
3259.505615  3.32720007101e-09
3262.252686  3.33670002739e-09
3265.0  3.34869998397e-09
3267.747314  3.34179994788e-09
3270.494629  3.32450000862e-09
3273.241943  3.31310001656e-09
3275.989258  3.29080007688e-09
3278.736572  3.27989990723e-09
3281.483887  3.30330007792e-09
3284.231201  3.31759997252e-09
3286.978516  3.29780003305e-09
3289.726074  3.31979999046e-09
3292.473389  3.33979999212e-09
3295.220947  3.33519989404e-09
3297.968262  3.33899996541e-09
3300.71582  3.34129990343e-09
3303.463379  3.32950000903e-09
3306.210693  3.3201998928e-09
3308.958252  3.32170002615e-09
3311.705811  3.29459992621e-09
3314.453369  3.30660010484e-09
3317.200928  3.3111000608e-09
3319.948486  3.29979998881e-09
3322.696045  3.26009996776e-09
3325.443848  3.26060001221e-09
3328.191406  3.26289995023e-09
3330.938965  3.26119997673e-09
3333.686768  3.24979998467e-09
3336.434326  3.2164000352e-09
3339.182129  3.21089999034e-09
3341.929688  3.20339998972e-09
3344.67749  3.21979998219e-09
3347.425293  3.19860005149e-09
3350.173096  3.18910009511e-09
3352.920654  3.23839999261e-09
3355.668457  3.25129989598e-09
3358.41626  3.20199999848e-09
3361.164062  3.18750004169e-09
3363.912109  3.22190008006e-09
3366.659912  3.22349991144e-09
3369.407715  3.20539994547e-09
3372.155518  3.20250004293e-09
3374.903564  3.22360005356e-09
3377.651367  3.21949999993e-09
3380.399414  3.18660009491e-09
3383.147217  3.18920001519e-09
3385.895264  3.20879989246e-09
3388.643311  3.21229998157e-09
3391.391113  3.19890003375e-09
3394.13916  3.18699999724e-09
3396.887207  3.20920001684e-09
3399.635254  3.22970006295e-09
3402.383301  3.21179993712e-09
3405.131348  3.20789994568e-09
3407.879395  3.19160009532e-09
3410.627441  3.21199999931e-09
3413.375488  3.22700000055e-09
3416.123779  3.2181000087e-09
3418.871826  3.20649995444e-09
3421.619873  3.18459991711e-09
3424.368164  3.19470006005e-09
3427.116211  3.21629989308e-09
3429.864502  3.22209992021e-09
3432.612549  3.21030002581e-09
3435.36084  3.19390003334e-09
3438.109131  3.18750004169e-09
3440.857422  3.155000039e-09
3443.605469  3.14470005591e-09
3446.35376  3.16789994237e-09
3449.102051  3.18610005046e-09
3451.850342  3.20349990979e-09
3454.598633  3.19819992711e-09
3457.346924  3.18030002333e-09
3460.095215  3.15280002106e-09
3462.84375  3.14880010954e-09
3465.592041  3.17369996949e-09
3468.340332  3.17390003168e-09
3471.088867  3.17239989833e-09
3473.837158  3.13410009056e-09
3476.585449  3.12929993029e-09
3479.333984  3.14619996722e-09
3482.08252  3.14630010934e-09
3484.830811  3.12810000125e-09
3487.579346  3.12550008097e-09
3490.327637  3.11220005322e-09
3493.076172  3.11599990255e-09
3495.824707  3.11739989378e-09
3498.573242  3.13020009912e-09
3501.321777  3.12800008118e-09
3504.070312  3.11709991152e-09
3506.818848  3.10729997288e-09
3509.567383  3.10420000815e-09
3512.315918  3.09660008746e-09
3515.064453  3.10259995473e-09
3517.812988  3.1286000457e-09
3520.561768  3.13539993968e-09
3523.310303  3.12800008118e-09
3526.058838  3.12429992988e-09
3528.807617  3.11110004425e-09
3531.556152  3.1053999372e-09
3534.304932  3.09660008746e-09
3537.053467  3.10449999041e-09
3539.802246  3.10699999062e-09
3542.550781  3.11470005343e-09
3545.299561  3.11170000877e-09
3548.04834  3.11819992049e-09
3550.796875  3.12190007179e-09
3553.545654  3.10940007076e-09
3556.294434  3.0873998913e-09
3559.043213  3.08880010458e-09
3561.791992  3.09569991863e-09
3564.540771  3.07800007704e-09
3567.289551  3.05970004888e-09
3570.03833  3.05009995039e-09
3572.787109  3.03610003805e-09
3575.535889  3.05000003031e-09
3578.284668  3.04979996812e-09
3581.033447  3.04240010962e-09
3583.782471  3.02750002845e-09
3586.53125  3.03280001113e-09
3589.280029  3.0502000925e-09
3592.029053  3.05130010148e-09
3594.777832  3.05160008374e-09
3597.526855  3.05599989758e-09
3600.275635  3.05039993265e-09
3603.024658  3.03759994935e-09
3605.773438  3.0328999312e-09
3608.522461  3.03099989551e-09
3611.271484  3.02789993079e-09
3614.020264  3.02520009043e-09
3616.769287  3.02990010859e-09
3619.518311  3.02860003742e-09
3622.267334  3.03259994894e-09
3625.016113  3.02839997524e-09
3627.765137  3.02559999277e-09
3630.51416  3.01140001824e-09
3633.263184  3.00890001803e-09
3636.012207  3.02199998359e-09
3638.76123  3.02429992161e-09
3641.510254  3.01410008063e-09
3644.259277  3.01679992099e-09
3647.008545  3.01839997441e-09
3649.757568  3.01199998276e-09
3652.506592  3.0058000533e-09
3655.255615  3.00720004454e-09
3658.004883  3.01289992954e-09
3660.753906  3.00720004454e-09
3663.50293  3.00970004474e-09
3666.252197  3.02360003701e-09
3669.001221  3.01110003598e-09
3671.750244  3.00229996419e-09
3674.499512  3.00130009734e-09
3677.248535  2.99589997255e-09
3679.997803  2.98759994521e-09
3682.746826  2.98890001638e-09
3685.496094  2.97619995315e-09
3688.245361  2.97459989973e-09
3690.994385  3.00789992913e-09
3693.743652  3.03420000236e-09
3696.49292  3.02709990407e-09
3699.242188  3.060999898e-09
3701.991211  3.07649994369e-09
3704.740479  2.99709990159e-09
3707.489746  3.12539993885e-09
3710.239014  3.09989989233e-09
3712.988281  3.02270009023e-09
3715.737549  3.28750004996e-09
3718.486816  3.35789995809e-09
3721.236084  3.06750003176e-09
3723.985352  3.11410008891e-09
3726.734619  3.56379992184e-09
3729.483887  3.7448999457e-09
3732.233154  3.39239991654e-09
3734.982422  3.04099989634e-09
3737.731689  3.36129990508e-09
3740.480957  3.98650001898e-09
3743.230469  4.25719992592e-09
3745.979736  3.93680021915e-09
3748.729004  3.32009997273e-09
3751.478271  3.10759995514e-09
3754.227783  3.6608001075e-09
3756.977051  4.36080016541e-09
3759.726318  4.77030015489e-09
3762.47583  4.80980011375e-09
3765.225098  4.44439995917e-09
3767.974609  3.75630015981e-09
3770.723877  3.19530002457e-09
3773.473389  3.44780004546e-09
3776.222656  4.29099999977e-09
3778.972168  5.15289988456e-09
3781.721436  5.77339998031e-09
3784.470947  6.06639982692e-09
3787.220215  5.96969984556e-09
3789.969727  5.5244999686e-09
3792.718994  4.76839989716e-09
3795.468506  3.87530008084e-09
3798.218018  3.29509997066e-09
3800.967285  3.6042999696e-09
3803.716797  4.47169989926e-09
3806.466309  5.36069988399e-09
3809.21582  6.15340001175e-09
3811.965088  6.73079991742e-09
3814.7146  7.0046999312e-09
3817.464111  7.18969994651e-09
3820.213623  7.08799996474e-09
3822.963135  6.75079991908e-09
3825.712646  6.15959994121e-09
3828.461914  5.36920019556e-09
3831.211426  4.45650005787e-09
3833.960938  3.60620000528e-09
3836.710449  3.29539995292e-09
3839.459961  3.85420007021e-09
3842.209473  4.7975001749e-09
3844.958984  5.74810021803e-09
3847.708496  6.54340004402e-09
3850.458008  7.1527002099e-09
3853.20752  7.6052000253e-09
3855.957031  7.8618995758e-09
3858.706543  8.0596995744e-09
3861.456055  8.16439982287e-09
3864.205566  8.20870038609e-09
3866.955078  8.17960010835e-09
3869.704834  8.04300004376e-09
3872.454346  7.74019959238e-09
3875.203857  7.30740001842e-09
3877.953369  6.71050015555e-09
3880.702881  5.94899995932e-09
3883.452393  5.07629982494e-09
3886.202148  4.12420009255e-09
3888.95166  3.420099981e-09
3891.701172  3.56140006375e-09
3894.450684  4.34580016417e-09
3897.200195  5.25360022152e-09
3899.949951  6.06670003123e-09
3902.699463  6.77799993909e-09
3905.448975  7.3596000405e-09
3908.198486  7.82010012301e-09
3910.948242  8.13639999819e-09
3913.697754  8.29350010889e-09
3916.447266  8.44809999734e-09
3919.197021  8.59160032007e-09
3921.946533  8.65470006772e-09
3924.696045  8.7038998231e-09
3927.445801  8.67740013177e-09
3930.195312  8.47670023063e-09
3932.944824  8.01820032592e-09
3935.69458  7.95820032096e-09
3938.444092  8.35219982065e-09
3941.193848  8.47420000838e-09
3943.943359  8.38040037365e-09
3946.692871  8.21430035103e-09
3949.442627  8.00230015585e-09
3952.192139  7.70929986516e-09
3954.941895  7.30170013341e-09
3957.691406  6.76739997374e-09
3960.440918  6.10150019398e-09
3963.190674  5.31310018204e-09
3965.940186  4.42269998402e-09
3968.689941  3.55310003641e-09
3971.439453  3.29089999695e-09
3974.189209  3.83719989117e-09
3976.938721  4.71329997254e-09
3979.688232  5.5372999519e-09
3982.437988  6.26610008325e-09
3985.1875  6.85249990084e-09
3987.937256  7.29529991972e-09
3990.686768  7.6697999063e-09
3993.436523  7.94840016027e-09
3996.186035  8.10419997777e-09
3998.935791  8.24359958074e-09
4001.685303  8.34239965997e-09
4004.435059  8.41160030518e-09
4007.18457  8.46879988359e-09
4009.934326  8.52269987917e-09
4012.683838  8.53799964062e-09
4015.43335  8.5340001732e-09
4018.183105  8.58480042609e-09
4020.932617  8.57759996364e-09
4023.682373  8.55529957988e-09
4026.431885  8.53319992444e-09
4029.181641  8.51820036729e-09
4031.931152  8.53779980048e-09
4034.680908  8.54720028087e-09
4037.43042  8.56749959866e-09
4040.180176  8.53069970219e-09
4042.929688  8.4694002922e-09
4045.679443  8.42459968453e-09
4048.428955  8.41230018978e-09
4051.178467  8.40679970082e-09
4053.928223  8.36679969751e-09
4056.677734  8.31520008404e-09
4059.42749  8.24459966964e-09
4062.177002  8.15609979554e-09
4064.926758  8.11960010338e-09
4067.67627  8.07450017959e-09
4070.425781  7.95990029445e-09
4073.175537  7.85879983312e-09
4075.925049  7.75010011722e-09
4078.674805  7.59040030829e-09
4081.424316  7.39309991005e-09
4084.173828  7.10249992153e-09
4086.923584  6.71019995124e-09
4089.673096  6.22560003549e-09
4092.422607  5.6213997901e-09
4095.172363  4.91349982923e-09
4097.921875  4.10040001952e-09
4100.671387  3.38399996913e-09
4103.420898  3.24140003727e-09
4106.170898  3.78300013537e-09
4108.92041  4.51030013338e-09
4111.669922  5.22279997028e-09
4114.419434  5.83139980748e-09
4117.168945  6.31930019424e-09
4119.918457  6.71210020897e-09
4122.667969  7.02239999484e-09
4125.41748  7.24160020837e-09
4128.16748  7.36660021872e-09
4130.916992  7.49480033591e-09
4133.666504  7.6199997423e-09
4136.416016  7.7545996291e-09
4139.165527  7.81469999822e-09
4141.915039  7.86770026906e-09
4144.664551  7.86310039302e-09
4147.414062  7.90470000567e-09
4150.163574  7.90949972185e-09
4152.913086  7.91929988253e-09
4155.662598  7.91859999794e-09
4158.412109  7.94910004487e-09
4161.162109  7.93899967988e-09
4163.911621  7.88169973731e-09
4166.661133  7.8955002536e-09
4169.410645  7.89110021771e-09
4172.160156  7.8467001785e-09
4174.909668  7.80110021026e-09
4177.65918  7.79389974781e-09
4180.408691  7.81269982042e-09
4183.158203  7.83339970667e-09
4185.907715  7.85350007249e-09
4188.657227  7.85169973483e-09
4191.40625  7.83920039993e-09
4194.155762  7.82310038971e-09
4196.905273  7.79400011197e-09
4199.654785  7.77589992396e-09
4202.404297  7.76570008298e-09
4205.153809  7.74389974367e-09
4207.90332  7.76400010949e-09
4210.652832  7.75779973594e-09
4213.402344  7.71970043445e-09
4216.151855  7.69090036101e-09
4218.900879  7.68709984555e-09
4221.650391  7.68110020033e-09
4224.399902  7.63790009017e-09
4227.149414  7.56970042204e-09
4229.898926  7.5772996766e-09
4232.648438  7.53140039222e-09
4235.397461  7.53149986821e-09
4238.146973  7.57219975611e-09
4240.896484  7.56090035026e-09
4243.645996  7.52450013408e-09
4246.395508  7.48970041542e-09
4249.144531  7.47489981023e-09
4251.894043  7.44410000308e-09
4254.643555  7.44099981631e-09
4257.392578  7.44280015397e-09
4260.14209  7.42740002835e-09
4262.891602  7.40230010621e-09
4265.640625  7.38039984682e-09
4268.390137  7.3676997836e-09
4271.139648  7.31460003678e-09
4273.888672  7.28770022107e-09
4276.638184  7.2829000608e-09
4279.387695  7.24130000407e-09
4282.136719  7.22799997632e-09
4284.88623  7.21570003748e-09
4287.635254  7.19830017815e-09
4290.384766  7.12270020742e-09
4293.134277  7.07390013233e-09
4295.883301  7.02340008374e-09
4298.632812  6.9508998557e-09
4301.381836  6.8384999885e-09
4304.131348  6.81409995096e-09
4306.880371  6.78280009936e-09
4309.629395  6.71060007562e-09
4312.378906  6.62560006859e-09
4315.12793  6.48019993221e-09
4317.877441  6.3551000018e-09
4320.626465  6.17440010231e-09
4323.375977  5.93729998499e-09
4326.125  5.59600010774e-09
4328.874023  5.13940001667e-09
4331.623535  4.73329997419e-09
4334.372559  4.18700007998e-09
4337.121582  3.53849993751e-09
4339.871094  2.96869995253e-09
4342.620117  2.89959989352e-09
4345.369141  3.37590000399e-09
4348.118164  3.98379995659e-09
4350.867676  4.51949988545e-09
4353.616699  4.99509988927e-09
4356.365723  5.41399991505e-09
4359.114746  5.75040015605e-09
4361.86377  5.99390004297e-09
4364.613281  6.1508997895e-09
4367.362305  6.2857998806e-09
4370.111328  6.38050012824e-09
4372.860352  6.49390008434e-09
4375.609375  6.55450005382e-09
4378.358398  6.60749988057e-09
4381.107422  6.64089983005e-09
4383.856445  6.58430021616e-09
4386.605469  6.57959997596e-09
4389.354492  6.63479982066e-09
4392.103516  6.66539978766e-09
4394.852539  6.65710020442e-09
4397.601562  6.66519994752e-09
4400.350586  6.69000010944e-09
4403.099609  6.70100019917e-09
4405.848633  6.71069999569e-09
4408.597168  6.74280009605e-09
4411.346191  6.74079991825e-09
4414.095215  6.72189992557e-09
4416.844238  6.68440014451e-09
4419.593262  6.67649979746e-09
4422.342285  6.71550015596e-09
4425.09082  6.73290001529e-09
4427.839844  6.71820021836e-09
4430.588867  6.70299993288e-09
4433.337402  6.71079991577e-09
4436.086426  6.68380017999e-09
4438.835449  6.66569999197e-09
4441.583984  6.65710020442e-09
4444.333008  6.60679999598e-09
4447.081543  6.60139987119e-09
4449.830566  6.60600019131e-09
4452.57959  6.6111001118e-09
4455.328125  6.58220011829e-09
4458.077148  6.55930021409e-09
4460.825684  6.54469989314e-09
4463.574707  6.53639986581e-09
4466.323242  6.51430021037e-09
4469.071777  6.46890008227e-09
4471.820801  6.43589981308e-09
4474.569336  6.4449001691e-09
4477.317871  6.42409991869e-09
4480.066895  6.33809982276e-09
4482.81543  6.20870022061e-09
4485.563965  6.33930019589e-09
4488.312988  6.41010000635e-09
4491.061523  6.39060004914e-09
4493.810059  6.38650021756e-09
4496.558594  6.41369979348e-09
4499.307129  6.40270014785e-09
4502.056152  6.36029984236e-09
4504.804688  6.3645000381e-09
4507.553223  6.35919983338e-09
4510.301758  6.35089980605e-09
4513.050293  6.35040020569e-09
4515.798828  6.32789998178e-09
4518.547363  6.30040020155e-09
4521.295898  6.26799989689e-09
4524.044434  6.23060003591e-09
4526.792969  6.2471001705e-09
4529.541504  6.24519991277e-09
4532.289551  6.25199980675e-09
4535.038086  6.19919982014e-09
4537.786621  6.21859985728e-09
4540.535156  6.2440999038e-09
4543.283691  6.21890006158e-09
4546.031738  6.18899997917e-09
4548.780273  6.12859984983e-09
4551.528809  6.0577001193e-09
4554.277344  6.09459993584e-09
4557.025391  6.07859984569e-09
4559.773926  6.07650019191e-09
4562.521973  6.10799988365e-09
4565.270508  6.09560002474e-09
4568.018555  6.08710015726e-09
4570.76709  6.08469985508e-09
4573.515137  6.05270011889e-09
4576.263672  6.04899996759e-09
4579.011719  6.07430017396e-09
4581.760254  6.05150018984e-09
4584.508301  5.98459992673e-09
4587.256348  5.99930016776e-09
4590.004883  6.00040017673e-09
4592.75293  6.01050009763e-09
4595.500977  6.01639982278e-09
4598.249512  5.99289995407e-09
4600.997559  6.01859984073e-09
4603.745605  6.01880012496e-09
4606.493652  5.99019989167e-09
4609.241699  5.9450000478e-09
4611.989746  5.96399996056e-09
4614.737793  5.9772999883e-09
4617.48584  5.93569993157e-09
4620.233887  5.92019988588e-09
4622.981934  5.92670001964e-09
4625.72998  5.93820015382e-09
4628.478027  5.90689985813e-09
4631.226074  5.8800999625e-09
4633.974121  5.86330006769e-09
4636.722168  5.87670001551e-09
4639.470215  5.87849990907e-09
4642.217773  5.86870019248e-09
4644.96582  5.85500004036e-09
4647.713867  5.83459991432e-09
4650.461914  5.84280002158e-09
4653.209473  5.82480019773e-09
4655.95752  5.81569992164e-09
4658.705078  5.79440007087e-09
4661.453125  5.79200021278e-09
4664.200684  5.77760017606e-09
4666.94873  5.75760017441e-09
4669.696289  5.76380010386e-09
4672.444336  5.76399994401e-09
4675.191895  5.75810021886e-09
4677.939941  5.74980019152e-09
4680.6875  5.73670000392e-09
4683.435059  5.71670000227e-09
4686.182617  5.71330005528e-09
4688.930664  5.69969982323e-09
4691.678223  5.70059999205e-09
4694.425781  5.68990010663e-09
4697.17334  5.66399993573e-09
4699.920898  5.65110003237e-09
4702.668457  5.64799984559e-09
4705.416016  5.64229996058e-09
4708.163574  5.63669999565e-09
4710.911133  5.62969981743e-09
4713.658691  5.60229995727e-09
4716.40625  5.57169999027e-09
4719.153809  5.57129986589e-09
4721.901367  5.57509993726e-09
4724.648926  5.54310020107e-09
4727.395996  5.55590018436e-09
4730.143555  5.54019985444e-09
4732.891113  5.52949996901e-09
4735.638672  5.51679990579e-09
4738.385742  5.4949000905e-09
4741.133301  5.49169998365e-09
4743.880371  5.49150014351e-09
4746.62793  5.47509992899e-09
4749.375  5.45859979439e-09
4752.122559  5.45069989144e-09
4754.869629  5.43009992526e-09
4757.617188  5.43289990773e-09
4760.364258  5.42810019155e-09
4763.111328  5.41420019928e-09
4765.858887  5.37930011646e-09
4768.605957  5.37930011646e-09
4771.353027  5.37229993824e-09
4774.100098  5.36279998187e-09
4776.847168  5.35160005199e-09
4779.594238  5.33959987337e-09
4782.341309  5.33999999774e-09
4785.088379  5.30140020771e-09
4787.835449  5.27310017873e-09
4790.58252  5.25090015913e-09
4793.32959  5.23150012199e-09
4796.07666  5.22530019254e-09
4798.82373  5.21640020068e-09
4801.570801  5.18779996739e-09
4804.317871  5.15779996491e-09
4807.064453  5.14389997264e-09
4809.811523  5.11059994324e-09
4812.558594  5.08889996809e-09
4815.305176  5.05289987629e-09
4818.052246  5.02329999819e-09
4820.798828  4.9949999692e-09
4823.545898  4.9553001702e-09
4826.29248  4.89679985449e-09
4829.039551  4.86600004734e-09
4831.786133  4.82580020389e-09
4834.532715  4.75119987797e-09
4837.279785  4.68100003204e-09
4840.026367  4.52789983285e-09
4842.772949  4.38820002557e-09
4845.519531  4.20320001027e-09
4848.266113  3.95150001609e-09
4851.012695  3.67939989587e-09
4853.759766  3.35619998459e-09
4856.506348  2.9766999976e-09
4859.25293  2.5630999545e-09
4861.999023  2.29050001188e-09
4864.745605  2.45710007896e-09
4867.492188  2.83640000376e-09
4870.23877  3.20720006108e-09
4872.985352  3.51039997071e-09
4875.731445  3.78169984216e-09
4878.478027  4.01219990565e-09
4881.224609  4.21130019745e-09
4883.970703  4.36030012096e-09
4886.717285  4.46959980138e-09
4889.463379  4.53750015339e-09
4892.209961  4.59779991857e-09
4894.956055  4.66370009278e-09
4897.702637  4.71009986569e-09
4900.44873  4.74629979763e-09
4903.194824  4.77360018181e-09
4905.941406  4.79829997957e-09
4908.6875  4.78700012962e-09
4911.433594  4.80580020223e-09
4914.179688  4.80999995389e-09
4916.925781  4.81899986582e-09
4919.671875  4.79490003258e-09
4922.417969  4.78629980094e-09
4925.164062  4.77300021728e-09
4927.910156  4.82119988376e-09
4930.65625  4.83849982302e-09
4933.402344  4.83660000938e-09
4936.148438  4.82210005259e-09
4938.894043  4.83750017821e-09
4941.640137  4.82030015903e-09
4944.38623  4.82229989274e-09
4947.131836  4.83210005342e-09
4949.87793  4.83719997391e-09
4952.623535  4.81710005218e-09
4955.369629  4.80030015737e-09
4958.115234  4.8062998026e-09
4960.861328  4.80210005094e-09
4963.606934  4.79930006847e-09
4966.352539  4.78650008517e-09
4969.098633  4.78049999586e-09
4971.844238  4.78700012962e-09
4974.589844  4.78970019202e-09
4977.335449  4.77190020831e-09
4980.081055  4.77909978258e-09
4982.82666  4.75540007372e-09
4985.572266  4.74999994893e-09
4988.317871  4.74030015241e-09
4991.063477  4.72920014261e-09
4993.809082  4.73540007206e-09
4996.554688  4.71899985754e-09
4999.299805  4.71669991953e-09
5002.04541  4.69459982e-09
5004.791016  4.68810013032e-09
5007.536133  4.70229988281e-09
5010.281738  4.69690020211e-09
5013.026855  4.66679983546e-09
5015.772461  4.64069982442e-09
5018.517578  4.60210003439e-09
5021.262695  4.61320004419e-09
5024.008301  4.64729987826e-09
5026.753418  4.66179983505e-09
5029.498535  4.65200011845e-09
5032.243652  4.63380001037e-09
5034.98877  4.62080018693e-09
5037.733887  4.605099857e-09
5040.479004  4.59509985618e-09
5043.224121  4.59349980275e-09
5045.969238  4.58870008657e-09
5048.714355  4.58009985493e-09
5051.459473  4.55739979088e-09
5054.20459  4.54659998539e-09
5056.949707  4.51370008037e-09
5059.694336  4.51569981408e-09
5062.439453  4.52959980635e-09
5065.184082  4.53279991319e-09
5067.929199  4.53430004654e-09
5070.673828  4.52800019701e-09
5073.418945  4.50210002612e-09
5076.163574  4.51339987606e-09
5078.908203  4.52080017865e-09
5081.65332  4.51059989359e-09
5084.397949  4.50569981325e-09
5087.142578  4.49640014111e-09
5089.887207  4.47650005952e-09
5092.631836  4.47109993473e-09
5095.376465  4.45260006643e-09
5098.121094  4.43839986985e-09
5100.865723  4.43650005622e-09
5103.610352  4.43360015367e-09
5106.35498  4.43090009128e-09
5109.099121  4.4284997891e-09
5111.84375  4.4284997891e-09
5114.588379  4.41600001011e-09
5117.33252  4.4099999208e-09
5120.077148  4.40530012469e-09
5122.821289  4.3934997862e-09
5125.565918  4.38300018502e-09
5128.310059  4.37520020213e-09
5131.054199  4.36719993502e-09
5133.798828  4.35939995214e-09
5136.542969  4.35240021801e-09
5139.287109  4.34109992398e-09
5142.03125  4.34130020821e-09
5144.775391  4.32389990479e-09
5147.519531  4.32040003773e-09
5150.263672  4.31020019676e-09
5153.007812  4.29590008011e-09
5155.751953  4.28410018571e-09
5158.496094  4.27599999853e-09
5161.239746  4.26740021098e-09
5163.983887  4.23920010206e-09
5166.728027  4.18789980472e-09
5169.47168  4.12989997756e-09
5172.21582  4.14569978346e-09
5174.959473  4.18289980431e-09
5177.703125  4.20640011711e-09
5180.447266  4.19760004533e-09
5183.190918  4.15939993559e-09
5185.93457  4.15339984627e-09
5188.678223  4.17250012319e-09
5191.422363  4.18130019497e-09
5194.166016  4.18580015094e-09
5196.909668  4.17109990991e-09
5199.65332  4.17389989238e-09
5202.396484  4.17999990177e-09
5205.140137  4.17999990177e-09
5207.883789  4.16159995353e-09
5210.627441  4.15289980182e-09
5213.370605  4.15640011298e-09
5216.114258  4.15030010359e-09
5218.85791  4.14580014763e-09
5221.601074  4.14169987195e-09
5224.344238  4.11870004768e-09
5227.087891  4.10219991309e-09
5229.831055  4.08059985801e-09
5232.574219  4.07719991102e-09
5235.317871  4.0661998213e-09
5238.061035  4.06910016792e-09
5240.804199  4.08209999136e-09
5243.547363  4.08169986699e-09
5246.290527  4.07190015039e-09
5249.033691  4.06540001663e-09
5251.776367  4.07140010594e-09
5254.519531  4.07999989349e-09
5257.262695  4.06009981191e-09
5260.005859  4.044300006e-09
5262.748535  4.02669986244e-09
5265.491699  4.00080013563e-09
5268.234375  3.99669985995e-09
5270.977539  3.99420008179e-09
5273.720215  3.98200006302e-09
5276.462891  3.97049992884e-09
5279.206055  3.97719990275e-09
5281.94873  3.97860011603e-09
5284.691406  3.96769994637e-09
5287.434082  3.96999988439e-09
5290.176758  3.97140009767e-09
5292.919434  3.95910015882e-09
5295.662109  3.95499988315e-09
5298.404785  3.9416998554e-09
5301.146973  3.94509980239e-09
5303.889648  3.9426999443e-09
5306.632324  3.93030008539e-09
5309.374512  3.93099996998e-09
5312.117188  3.92339982724e-09
5314.859375  3.89850018934e-09
5317.602051  3.8680001424e-09
5320.344238  3.87109988509e-09
5323.086426  3.88059984147e-09
5325.828613  3.86929999152e-09
5328.570801  3.84949983001e-09
5331.312988  3.85070020315e-09
5334.055176  3.85839982187e-09
5336.797363  3.85130016767e-09
5339.539551  3.8538998659e-09
5342.281738  3.84769993644e-09
5345.023926  3.85769993727e-09
5347.766113  3.85190013219e-09
5352.627  3.8485414855e-09
5357.993  3.83373599533e-09
5363.365  3.80988307569e-09
5368.741  3.79261022587e-09
5374.124  3.78931996892e-09
5379.511  3.78356235231e-09
5384.904  3.77040265676e-09
5390.303  3.76217723641e-09
5395.706  3.74737174624e-09
5401.116  3.72598663034e-09
5406.53  3.70871378053e-09
5411.95  3.7046012924e-09
5417.375  3.69966590696e-09
5422.807  3.68979580223e-09
5428.243  3.67499053411e-09
5433.685  3.66841046429e-09
5439.132  3.6634753009e-09
5444.585  3.65442764938e-09
5450.043  3.64208996295e-09
5455.507  3.62975227652e-09
5460.976  3.61905971857e-09
5466.451  3.61001206706e-09
5471.931  3.6009641935e-09
5477.417  3.58780405385e-09
5482.907  3.57793417116e-09
5488.404  3.56806384438e-09
5493.906  3.55819351761e-09
5499.414  3.54832363492e-09
5504.927  3.53516327323e-09
5510.445  3.52611562171e-09
5515.97  3.5203580051e-09
5521.5  3.50884299394e-09
5527.035  3.48910234038e-09
5532.576  3.47511974752e-09
5538.122  3.47100703735e-09
5543.674  3.46524942074e-09
5549.231  3.45537953805e-09
5554.795  3.44550921128e-09
5560.364  3.43563910654e-09
5565.938  3.42412387333e-09
5571.518  3.41096373369e-09
5577.104  3.40191608217e-09
5582.694  3.39286843065e-09
5588.291  3.37970806896e-09
5593.893  3.37230554592e-09
5599.501  3.36490280084e-09
5605.115  3.35585537137e-09
5610.733  3.34598504459e-09
5616.358  3.33282490494e-09
5621.988  3.32295480021e-09
5627.625  3.31555227717e-09
5633.267  3.30732685683e-09
5638.914  3.29745697414e-09
5644.566  3.28676419414e-09
5650.226  3.27607163619e-09
5655.89  3.26373372772e-09
5661.56  3.25221849451e-09
5667.236  3.24563842469e-09
5672.917  3.2382356796e-09
5678.604  3.22918802809e-09
5684.297  3.21849547014e-09
5689.996  3.20862514336e-09
5695.7  3.19957771389e-09
5701.41  3.19052984032e-09
5707.125  3.18065995764e-09
5712.847  3.17078963086e-09
5718.574  3.1625646546e-09
5724.307  3.15351700308e-09
5730.045  3.14446935157e-09
5735.79  3.13542170005e-09
5741.54  3.12555137327e-09
5747.296  3.11485881532e-09
5753.057  3.10416603533e-09
5758.825  3.09594083703e-09
5764.599  3.08689340756e-09
5770.377  3.07784553399e-09
5776.162  3.06797542926e-09
5781.953  3.05810532453e-09
5787.749  3.04905767301e-09
5793.551  3.04083269675e-09
5799.359  3.03178504524e-09
5805.173  3.02273739372e-09
5810.993  3.0136897422e-09
5816.818  3.00464209069e-09
5822.649  2.99559443917e-09
5828.487  2.98654678765e-09
5834.33  2.97749913614e-09
5840.179  2.96927393784e-09
5846.034  2.96104873954e-09
5851.895  2.9511786348e-09
5857.761  2.94130853007e-09
5863.633  2.93226065651e-09
5869.512  2.92321322704e-09
5875.396  2.91252066908e-09
5881.286  2.90182766705e-09
5887.182  2.88455503927e-09
5893.084  2.86563706098e-09
5898.992  2.86316947928e-09
5904.905  2.86728218946e-09
5910.825  2.86234702607e-09
5916.75  2.85412204981e-09
5922.683  2.84671952677e-09
5928.62  2.83767165321e-09
5934.563  2.82862422374e-09
5940.513  2.82122147865e-09
5946.468  2.81217382714e-09
5952.429  2.80148104714e-09
5958.396  2.79078826715e-09
5964.37  2.78420819733e-09
5970.349  2.77762834955e-09
5976.334  2.76693556955e-09
5982.326  2.75706546482e-09
5988.323  2.75048517295e-09
5994.326  2.74308264991e-09
6000.336  2.73568012688e-09
6006.352  2.72745492857e-09
6012.373  2.71676214858e-09
6018.399  2.70853717232e-09
6024.433  2.70195688046e-09
6030.473  2.69455457946e-09
6036.519  2.6879742876e-09
6042.57  2.67892663608e-09
6048.628  2.66987920661e-09
6054.691  2.66247646152e-09
6060.761  2.65507393848e-09
6066.837  2.64684874018e-09
6072.919  2.63944621715e-09
6079.008  2.63122101885e-09
6085.102  2.62217336733e-09
6091.202  2.61477062224e-09
6097.309  2.60736809921e-09
6103.421  2.59914290091e-09
6109.539  2.59091770261e-09
6115.664  2.58351517957e-09
6121.795  2.57446775009e-09
6127.932  2.56624232975e-09
6134.076  2.55801713145e-09
6140.225  2.54896947993e-09
6146.381  2.5366317935e-09
6152.542  2.52182652538e-09
6158.71  2.509489061e-09
6164.885  2.51031151421e-09
6171.064  2.51113396743e-09
6177.251  2.50455389761e-09
6183.444  2.49797382779e-09
6189.643  2.49139375796e-09
6195.848  2.48399101288e-09
6202.06  2.47576603662e-09
6208.277  2.46918574476e-09
6214.501  2.46178299967e-09
6220.73  2.45355802342e-09
6226.967  2.44533282512e-09
6233.21  2.43464026717e-09
6239.458  2.42312503396e-09
6245.713  2.41243247601e-09
6251.975  2.40831976583e-09
6258.242  2.4066748594e-09
6264.516  2.40173969601e-09
6270.796  2.39433717297e-09
6277.083  2.38775688111e-09
6283.376  2.38035435807e-09
6289.675  2.37295161298e-09
6295.98  2.36472663673e-09
6302.292  2.35732389164e-09
6308.61  2.34992136861e-09
6314.935  2.34169639235e-09
6321.265  2.333470972e-09
6327.602  2.32853603066e-09
6333.946  2.32031083236e-09
6340.295  2.30879582119e-09
6346.651  2.29152297138e-09
6353.014  2.28823293646e-09
6359.383  2.29070051816e-09
6365.758  2.2816526446e-09
6372.14  2.26766982969e-09
6378.528  2.26438001683e-09
6384.922  2.26273488835e-09
6391.323  2.25697727174e-09
6397.73  2.2495747487e-09
6404.145  2.24217200362e-09
6410.564  2.23394702736e-09
6416.991  2.22572182906e-09
6423.424  2.21914175924e-09
6429.864  2.21338414264e-09
6436.31  2.20515894434e-09
6442.762  2.1977564213e-09
6449.221  2.18870876978e-09
6455.686  2.17472595487e-09
6462.158  2.16896833827e-09
6468.637  2.16732320979e-09
6475.122  2.16074313997e-09
6481.612  2.15169548845e-09
6488.11  2.1410029305e-09
6494.615  2.12948769729e-09
6501.125  2.11879491729e-09
6507.643  2.10727990613e-09
6514.167  2.09000705631e-09
6520.698  2.0677990431e-09
6527.234  2.03983385738e-09
6533.778  1.99706295945e-09
6540.328  1.92714955105e-09
6546.885  1.81199732996e-09
6553.448  1.62199675913e-09
6560.018  1.37688771495e-09
6566.594  1.31026411943e-09
6573.178  1.5134248299e-09
6579.767  1.72645597818e-09
6586.363  1.85394555263e-09
6592.966  1.92468174731e-09
6599.575  1.96333993507e-09
6606.191  1.9839028198e-09
6612.814  1.99459537775e-09
6619.443  1.99953054114e-09
6626.08  2.00035299436e-09
6632.722  1.99953054114e-09
6639.371  1.99706295945e-09
6646.028  1.99377292454e-09
6652.69  1.98966043641e-09
6659.36  1.98472527302e-09
6666.036  1.97979033167e-09
6672.719  1.97485516829e-09
6679.408  1.96909755168e-09
6686.104  1.96416238829e-09
6692.807  1.95922744695e-09
6699.516  1.95429228356e-09
6706.232  1.94853466695e-09
6712.955  1.94277705035e-09
6719.685  1.93619698052e-09
6726.421  1.92879445748e-09
6733.165  1.92468174731e-09
6739.915  1.91974680597e-09
6746.672  1.91398918936e-09
6753.435  1.90740911954e-09
6760.206  1.90247395615e-09
6766.982  1.89671633954e-09
6773.767  1.89095894498e-09
6780.557  1.88520132838e-09
6787.354  1.87944371177e-09
6794.159  1.87368587312e-09
6800.971  1.86875093178e-09
6807.788  1.86299331517e-09
6814.613  1.85723558754e-09
6821.445  1.85065551772e-09
6828.283  1.84489790112e-09
6835.129  1.83914028451e-09
6841.98  1.83420512112e-09
6848.84  1.82844761554e-09
6855.706  1.82268999893e-09
6862.579  1.81693249335e-09
6869.458  1.81199732996e-09
6876.345  1.80623971335e-09
6883.238  1.80048209675e-09
6890.139  1.79554704438e-09
6897.046  1.78978942778e-09
6903.96  1.78403192219e-09
6910.882  1.77827430559e-09
6917.81  1.77333925322e-09
6924.746  1.76758163661e-09
6931.688  1.76264647322e-09
6938.637  1.75688885662e-09
6945.593  1.75195380425e-09
6952.556  1.74619618765e-09
6959.525  1.74043868206e-09
6966.502  1.73550351867e-09
6973.486  1.72974601309e-09
6980.478  1.72481096072e-09
6987.475  1.71987590836e-09
6994.48  1.71329561649e-09
7001.492  1.70671565769e-09
7008.511  1.70178060532e-09
7015.537  1.69766800617e-09
7022.57  1.69191038957e-09
7029.61  1.6869753372e-09
7036.658  1.68204017381e-09
7043.711  1.67710512144e-09
7050.772  1.67217006908e-09
7057.841  1.66723490569e-09
7064.917  1.66147740011e-09
7072.0  1.65654223672e-09
7079.089  1.65160718435e-09
7086.186  1.64667213198e-09
7093.29  1.64173696859e-09
7100.401  1.63597946301e-09
7107.519  1.62693170047e-09
7114.644  1.61706170676e-09
7121.777  1.61459412507e-09
7128.917  1.61377156083e-09
7136.063  1.61048152592e-09
7143.217  1.60554647355e-09
7150.378  1.60061131016e-09
7157.546  1.59485380458e-09
7164.722  1.58991864119e-09
7171.904  1.58580615306e-09
7179.094  1.58087098967e-09
7186.292  1.57593582628e-09
7193.496  1.57100099596e-09
7200.708  1.56606583257e-09
7207.926  1.56113066918e-09
7215.152  1.55619572784e-09
7222.385  1.55126056445e-09
7229.625  1.54632540106e-09
7236.873  1.54221291293e-09
7244.128  1.53727774954e-09
7251.391  1.5323428082e-09
7258.66  1.52740775583e-09
7265.937  1.52329515668e-09
7273.221  1.51835999329e-09
7280.512  1.5134248299e-09
7287.811  1.50848988856e-09
7295.117  1.50355472517e-09
7302.431  1.49944223704e-09
7309.751  1.49368450941e-09
7317.079  1.48957202128e-09
7324.415  1.48545942213e-09
7331.757  1.48134693401e-09
7339.107  1.47723422383e-09
7346.465  1.47229928249e-09
7353.829  1.4673641191e-09
7361.202  1.46325163097e-09
7368.582  1.45831657861e-09
7375.969  1.45420397946e-09
7383.363  1.44926881607e-09
7390.765  1.4443337637e-09
7398.174  1.44022116455e-09
7405.591  1.43528622321e-09
7413.015  1.43035105982e-09
7420.446  1.42459344321e-09
7427.885  1.41965827982e-09
7435.332  1.41554579169e-09
7442.786  1.41143319254e-09
7450.247  1.40732070442e-09
7457.716  1.40320810527e-09
7465.192  1.39745048866e-09
7472.676  1.39169298308e-09
7480.168  1.38758038393e-09
7487.667  1.38429034902e-09
7495.173  1.38182276732e-09
7502.687  1.37771016817e-09
7510.208  1.37277500478e-09
7517.737  1.36784006344e-09
7525.274  1.3645499175e-09
7532.818  1.36125988259e-09
7540.369  1.35714728344e-09
7547.929  1.35303479532e-09
7555.496  1.34892219616e-09
7563.07  1.34480959701e-09
7570.652  1.33987443363e-09
7578.242  1.3357619455e-09
7585.839  1.33164945737e-09
7593.443  1.32753708026e-09
7601.056  1.32424693433e-09
7608.676  1.31931177094e-09
7616.304  1.31519928281e-09
7623.939  1.31108668366e-09
7631.582  1.30697419554e-09
7639.233  1.30286148536e-09
7646.891  1.29874899724e-09
7654.557  1.29381383385e-09
7662.231  1.28970134572e-09
7669.912  1.28558874657e-09
7677.602  1.28229871166e-09
7685.298  1.27818611251e-09
7693.003  1.27407362438e-09
7700.715  1.26996091421e-09
7708.435  1.26584842608e-09
7716.163  1.26091326269e-09
7723.898  1.25844590304e-09
7731.641  1.25433330389e-09
7739.392  1.25104326898e-09
7747.151  1.24693066983e-09
7754.917  1.24281795966e-09
7762.691  1.23623800086e-09
7770.474  1.21978760426e-09
7778.264  1.21156251698e-09
7786.062  1.2206101685e-09
7793.867  1.22307775019e-09
7801.68  1.21978760426e-09
7809.502  1.21567511613e-09
7817.331  1.21238508122e-09
7825.168  1.20827248207e-09
7833.012  1.2033374297e-09
7840.865  1.19922483055e-09
7848.726  1.1951122314e-09
7856.594  1.19182230751e-09
7864.47  1.18770959734e-09
7872.354  1.18359699819e-09
7880.246  1.17866194582e-09
7888.146  1.17454945769e-09
7896.054  1.16879173007e-09
7903.97  1.16550169516e-09
7911.894  1.16550169516e-09
7919.825  1.16303422448e-09
7927.765  1.15974418957e-09
7935.712  1.15480902618e-09
7943.668  1.14987397382e-09
7951.631  1.14576159671e-09
7959.604  1.14411646823e-09
7967.583  1.14164888654e-09
7975.57  1.13671383417e-09
7983.565  1.13013365333e-09
7991.569  1.12437614774e-09
7999.581  1.12273113029e-09
8007.6  1.12273113029e-09
8015.628  1.11944098435e-09
8023.663  1.11615094944e-09
8031.707  1.11286102555e-09
8039.759  1.10957087962e-09
8047.819  1.10545839149e-09
8055.887  1.10216835658e-09
8063.963  1.09887821065e-09
8072.047  1.09558806471e-09
8080.139  1.09147557659e-09
8088.24  1.08818543065e-09
8096.348  1.08489539574e-09
8104.465  1.08160524981e-09
8112.59  1.07831532592e-09
8120.723  1.07502529101e-09
8128.863  1.0717352561e-09
8137.012  1.06844511016e-09
8145.17  1.06515518628e-09
8153.335  1.06186515136e-09
8161.509  1.05775244119e-09
8169.691  1.0544625173e-09
8177.881  1.05034980713e-09
8186.08  1.04541475476e-09
8194.286  1.04130215561e-09
8202.501  1.0380121207e-09
8210.724  1.03472208579e-09
8218.955  1.03060959766e-09
8227.195  1.02814201597e-09
8235.442  1.0256745453e-09
8243.699  1.0232069636e-09
8251.963  1.01991681767e-09
8260.235  1.01909436445e-09
8268.517  1.01744923597e-09
8276.806  1.0149817653e-09
8285.104  1.01169173039e-09
8293.409  1.00840169548e-09
8301.723  1.00593411378e-09
8310.046  1.00346664311e-09
8318.377  1.0001766082e-09
8326.716  9.96064009051e-10
8335.062  9.90306392445e-10
8343.419  9.8866137499e-10
8351.783  9.87838810751e-10
8360.156  9.8454877584e-10
8368.537  9.81258740929e-10
8376.926  9.77968706017e-10
8385.324  9.73856106867e-10
8393.73  9.70566071956e-10
8402.146  9.67276037045e-10
8410.568  9.62340873656e-10
8419.0  9.59050949767e-10
8427.44  9.55760803834e-10
8435.889  9.46713152317e-10
8444.346  9.376655008e-10
8452.812  9.38487954016e-10
8461.285  9.34375465889e-10
8469.768  9.24505194622e-10
8478.259  9.32730448433e-10
8486.758  9.36842936561e-10
8495.266  9.1381258116e-10
8503.782  8.90782170249e-10
8512.308  9.06409947099e-10
8520.841  9.30262811227e-10
8529.384  9.26972776316e-10
8537.934  8.85847062371e-10
8546.493  8.46366421392e-10
8555.061  8.71864358487e-10
8563.638  9.17102616071e-10
8572.223  9.35198030128e-10
8580.816  9.22037723949e-10
8589.419  8.70219341031e-10
8598.029  8.09106559529e-10
8606.649  8.23336065991e-10
8615.277  8.89137152793e-10
8623.914  9.30262811227e-10
8632.56  9.4177809995e-10
8641.214  9.32730448433e-10
8649.877  8.90782170249e-10
8658.548  8.06803568398e-10
8667.229  7.49063033822e-10
8675.917  7.98578425609e-10
8684.615  8.79266992548e-10
8693.321  9.27795340555e-10
8702.036  9.49180622989e-10
8710.76  9.54115786378e-10
8719.493  9.44245570622e-10
8728.233  9.1381258116e-10
8736.983  8.48834003087e-10
8745.743  7.53833662159e-10
8754.511  7.14681980263e-10
8763.287  7.83526410419e-10
8772.072  8.68574268065e-10
8780.866  9.20392650983e-10
8789.669  9.46713152317e-10
8798.48  9.57405821289e-10
8807.301  9.58228274506e-10
8816.131  9.54115786378e-10
8824.969  9.40132971472e-10
8833.815  9.12990072433e-10
8842.672  8.65284288665e-10
8851.536  7.87309939465e-10
8860.41  6.98478497263e-10
8869.293  6.91733892388e-10
8878.185  7.74149744309e-10
8887.084  8.50479020542e-10
8895.994  8.95717278127e-10
8904.912  9.18747633527e-10
8913.839  9.28617793772e-10
8922.775  9.32730448433e-10
8931.721  9.34375465889e-10
8940.675  9.35198030128e-10
8949.638  9.32730448433e-10
8958.609  9.25327703349e-10
8967.59  9.14635089888e-10
8976.58  8.97362295582e-10
8985.579  8.69396776793e-10
8994.588  8.22513557264e-10
9003.604  7.46431028098e-10
9012.631  6.60971943844e-10
9021.666  6.5595456844e-10
9030.711  7.35080329939e-10
9039.764  8.07050315466e-10
9048.826  8.4718893012e-10
9057.897  8.64461724426e-10
9066.978  8.72686867215e-10
9076.067  8.80912010004e-10
9085.166  8.80912010004e-10
9094.274  8.78444483821e-10
9103.391  8.80912010004e-10
9112.518  8.81734518732e-10
9121.652  8.80912010004e-10
9130.797  8.80912010004e-10
9139.95  8.78444483821e-10
9149.113  8.74331940182e-10
9158.285  8.68574268065e-10
9167.467  8.61994198242e-10
9176.657  8.5130152927e-10
9185.857  8.37318769875e-10
9195.065  8.17742928927e-10
9204.283  7.83444142893e-10
9213.511  7.2471667556e-10
9222.748  6.43123387878e-10
9231.993  5.98460947465e-10
9241.248  6.47400466569e-10
9250.513  7.20686343936e-10
9259.786  7.63045848728e-10
9269.069  7.88132503704e-10
9278.361  8.10093547798e-10
9287.663  8.20539525215e-10
9296.974  8.23336065991e-10
9306.295  8.24158574719e-10
9315.624  8.24158574719e-10
9324.963  8.22513557264e-10
9334.311  8.21279766416e-10
9343.669  8.19388001894e-10
9353.036  8.17249490304e-10
9362.412  8.1494638815e-10
9371.798  8.122321149e-10
9381.193  8.08530797869e-10
9390.598  8.03678013028e-10
9400.012  7.98002663949e-10
9409.436  7.92409526884e-10
9418.868  7.9249179441e-10
9428.312  7.93067556071e-10
9437.763  7.90682297414e-10
9447.225  7.87556742043e-10
9456.695  7.83937637028e-10
9466.176  7.79496134307e-10
9475.665  7.74396546888e-10
9485.165  7.67816366043e-10
9494.674  7.58933249578e-10
9504.191  7.45855266437e-10
9513.72  7.25374704746e-10
9523.258  6.91404877795e-10
9532.805  6.34651498022e-10
9542.361  5.63997570868e-10
9551.928  5.4853432907e-10
9561.503  6.07590810997e-10
9571.089  6.66976252006e-10
9580.684  7.01521785107e-10
9590.288  7.194526086e-10
9599.902  7.2743094881e-10
9609.526  7.30885518774e-10
9619.16  7.31379068419e-10
9628.803  7.30885518774e-10
9638.456  7.31954774569e-10
9648.119  7.31461280434e-10
9657.791  7.27677751389e-10
9667.473  7.2685518715e-10
9677.164  7.27101989728e-10
9686.866  7.25374704746e-10
9696.577  7.23400672697e-10
9706.298  7.21673387716e-10
9716.028  7.19534820615e-10
9725.77  7.17067349942e-10
9735.519  7.14435233196e-10
9745.279  7.12049974538e-10
9755.048  7.09911407437e-10
9764.828  7.07690683832e-10
9774.617  7.05305369664e-10
9784.416  7.02837787969e-10
9794.225  7.00370317297e-10
9804.044  6.97902735602e-10
9813.872  6.95352941893e-10
9823.711  6.92638613131e-10
9833.559  6.90253354474e-10
9843.417  6.87785772779e-10
9853.285  6.84495793379e-10
9863.163  6.81781464618e-10
9873.051  6.80218714688e-10
9882.948  6.77175371333e-10
9892.856  6.73227307235e-10
9902.774  6.71829036847e-10
9912.701  6.70184019391e-10
9922.639  6.673052666e-10
9932.587  6.64097499214e-10
9942.544  6.61383170453e-10
9952.512  6.58915644269e-10
9962.488  6.55625609358e-10
9972.477  6.51677489749e-10
9982.474  6.4657790233e-10
9992.481  6.39751085441e-10
10002.498  6.30292207315e-10
10012.526  6.16638462514e-10
10022.563  5.93937066196e-10
10032.611  5.55032186877e-10
10042.669  4.98278751593e-10
10052.736  4.66447436231e-10
10062.814  5.01815533571e-10
10072.902  5.53387169422e-10
10083.0  5.84724935138e-10
10093.109  6.00434924003e-10
10103.227  6.08742334318e-10
10113.355  6.12032369229e-10
10123.494  6.13101625024e-10
10133.644  6.1474664248e-10
10143.802  6.15733630749e-10
10153.972  6.15240192126e-10
10164.15  6.14006401278e-10
10174.34  6.12525863364e-10
10184.54  6.10880845908e-10
10194.75  6.09153560927e-10
10204.97  6.07508598982e-10
10215.201  6.05698990963e-10
10225.441  6.03724958914e-10
10235.692  6.01833249902e-10
10245.953  5.99859217854e-10
10256.226  5.97885130293e-10
10266.508  5.95911153756e-10
10276.799  5.93772586654e-10
10287.102  5.91798499094e-10
10297.414  5.89824522557e-10
10307.738  5.87850434997e-10
10318.071  5.8562965588e-10
10328.416  5.83244397223e-10
10338.77  5.81352577189e-10
10349.135  5.7978982726e-10
10359.51  5.77733583196e-10
10369.895  5.7551280408e-10
10380.291  5.73620984046e-10
10390.697  5.71811487049e-10
10401.113  5.69837455e-10
10411.541  5.67863422951e-10
10421.979  5.66053814932e-10
10432.427  5.63915358853e-10
10442.885  5.61447777159e-10
10453.354  5.58157742248e-10
10463.833  5.55772428079e-10
10474.324  5.55196666419e-10
10484.824  5.54045143097e-10
10495.334  5.51988899034e-10
10505.857  5.49603584865e-10
10516.389  5.47629552816e-10
10526.932  5.45902267834e-10
10537.484  5.44010503312e-10
10548.048  5.42036471263e-10
10558.623  5.40555933348e-10
10569.208  5.38828703878e-10
10579.804  5.3660786925e-10
10590.41  5.34387090134e-10
10601.026  5.32824284694e-10
10611.654  5.3134380229e-10
10622.293  5.29616517309e-10
10632.94  5.27560217733e-10
10643.602  5.25915200278e-10
10654.271  5.24023380244e-10
10664.952  5.21473586534e-10
10675.644  5.1670306922e-10
10686.347  5.09629449752e-10
10697.06  5.08889153039e-10
10707.783  5.10863185088e-10
10718.517  5.10616438021e-10
10729.263  5.08560138446e-10
10740.019  5.0732640311e-10
10750.786  5.06010344736e-10
10761.563  5.04612074348e-10
10772.353  5.03542818553e-10
10783.15  5.0165105403e-10
10793.961  4.99512486929e-10
10804.783  4.97291707813e-10
10815.614  4.94659702088e-10
10826.456  4.92027640853e-10
10837.31  4.89971341278e-10
10848.175  4.87750562161e-10
10859.051  4.84213724672e-10
10869.937  4.79443151846e-10
10880.834  4.74425887464e-10
10891.74  4.67187732944e-10
10902.66  4.55096738072e-10
10913.59  4.34616176381e-10
10924.531  4.02291366886e-10
10935.483  3.65525026913e-10
10946.445  3.63715474405e-10
10957.42  3.9801431595e-10
10968.404  4.27871543751e-10
10979.4  4.44321829329e-10
10990.408  4.53122706023e-10
